{"Fisherman": [[1.0000005960464478, 0.44275349378585815, 0.10986141115427017, 0.02742614969611168, 0.5574364066123962, 0.16126807034015656, 0.1189441978931427, 0.09439714252948761, 0.25932782888412476, -0.0027030576020479202, 0.1321960687637329, 0.20996572077274323, 0.08264932036399841, 0.130112886428833, -0.06362208724021912, -0.05972255766391754, 0.30669647455215454, -0.019618559628725052, 0.27629709243774414, 0.26675131916999817, 0.17681363224983215, 0.24388852715492249, 0.31239646673202515, -0.08885864168405533, 0.3132239878177643, 0.2779994010925293, -0.11716270446777344, 0.18136811256408691, 0.199390709400177, 0.2628253698348999, 0.3982676565647125, 0.15941619873046875, 0.45407259464263916, 0.4360975921154022, 0.2126949429512024, 0.34033212065696716, 0.30682697892189026, 0.2877041697502136, -0.041522204875946045, 0.3562106788158417, 0.3630773425102234], [0.44275349378585815, 0.9999996423721313, -0.006084369961172342, -0.041581105440855026, 0.2013612687587738, -0.07278002053499222, -0.10395795851945877, 0.11323857307434082, 0.1577593982219696, -0.04181991145014763, 0.13895493745803833, 0.28261464834213257, -0.05107634887099266, -0.004434309434145689, -0.09446261823177338, 0.20353543758392334, 0.3593015670776367, 0.0763634443283081, 0.2725009024143219, 0.23038721084594727, 0.05783688649535179, 0.18179425597190857, 0.22784632444381714, -0.010693196207284927, 0.08174668252468109, 0.22633782029151917, 0.07063549757003784, -0.06688206642866135, 0.12325464934110641, 0.09813971817493439, 0.2025025188922882, -0.04328707605600357, 0.2039145529270172, 0.3529478907585144, 0.0918625146150589, 0.11123806238174438, 0.2377328872680664, 0.15189775824546814, -0.01646154746413231, 0.06298398971557617, 0.1763451099395752], [0.10986141115427017, -0.006084369961172342, 1.0000008344650269, 0.35224705934524536, 0.12245765328407288, 0.040401607751846313, 0.21914142370224, -0.058939844369888306, -0.05266352742910385, -0.045616962015628815, 0.012318246066570282, -0.16824401915073395, 0.2014472782611847, -0.0434543713927269, 0.0313272550702095, 0.16628576815128326, 0.01992044411599636, 0.15795449912548065, 0.20960362255573273, 0.07664990425109863, 0.06341318041086197, 0.03434024378657341, -0.06422083079814911, 0.11942940950393677, 0.414947509765625, -0.06802526861429214, 0.10489678382873535, 0.06909128278493881, 0.06241311505436897, 0.24084267020225525, -0.08232500404119492, 0.2465618997812271, 0.22273719310760498, -0.006800663657486439, 0.002520330250263214, 0.24475941061973572, -0.10126066207885742, -0.003275335766375065, 0.24502861499786377, -0.07120737433433533, 0.08186165988445282], [0.02742614969611168, -0.041581105440855026, 0.35224705934524536, 1.0000001192092896, 0.11363697052001953, 0.020562905818223953, 0.1451554000377655, 0.08679357171058655, 0.014113868586719036, 0.19376873970031738, 0.031481798738241196, 0.14971855282783508, 0.2385360151529312, 0.054414909332990646, -0.0013801280874758959, -0.021373048424720764, 0.046872831881046295, -0.07080405950546265, 0.008223946206271648, -0.09535159170627594, 0.11699190735816956, -0.05809889733791351, 0.025700032711029053, 0.34545499086380005, 0.5382158160209656, -0.0410086065530777, 0.1518891602754593, 0.15786918997764587, 0.24287228286266327, 0.16709104180335999, 0.07403776049613953, 0.38916894793510437, 0.3542659878730774, -0.007813640870153904, 0.056131936609745026, 0.1423632800579071, 0.20167215168476105, 0.15575344860553741, 0.5019292831420898, 0.10672356188297272, 0.31202125549316406], [0.5574364066123962, 0.2013612687587738, 0.12245765328407288, 0.11363697052001953, 1.0000004768371582, 0.3093804121017456, 0.26953554153442383, -0.06842102110385895, 0.2127474546432495, -0.010965580120682716, 0.10173621028661728, 0.1849237084388733, 0.13742752373218536, 0.07713107019662857, -0.08471076190471649, -0.05058535188436508, 0.26369136571884155, -0.09183287620544434, 0.19951410591602325, 0.15339648723602295, 0.32444024085998535, 0.2502644956111908, 0.3295016288757324, 0.01990879513323307, 0.12983085215091705, 0.054809920489788055, -0.09710922837257385, 0.26754650473594666, 0.07238364219665527, 0.2308509349822998, 0.36158639192581177, 0.5621689558029175, 0.6461010575294495, 0.2389238178730011, 0.09004057943820953, 0.2260102927684784, 0.24971500039100647, 0.21972231566905975, 0.11638617515563965, 0.18518203496932983, 0.11276387423276901], [0.16126807034015656, -0.07278002053499222, 0.040401607751846313, 0.020562905818223953, 0.3093804121017456, 1.0000005960464478, 0.48106008768081665, 0.15036214888095856, 0.22143781185150146, -0.05518148094415665, 0.08799170702695847, 0.2679956257343292, 0.1950039118528366, 0.12460604310035706, 0.06089435890316963, -0.05251429229974747, 0.18130217492580414, -0.044091515243053436, 0.10092218220233917, 0.13677704334259033, 0.220725417137146, 0.1839011311531067, 0.1516301929950714, 0.3112410604953766, 0.04337072744965553, 0.0385589599609375, 0.2224544733762741, 0.10460210591554642, 0.03777094930410385, 0.11995384097099304, 0.15677616000175476, 0.20654535293579102, 0.17008456587791443, 0.13841918110847473, 0.2594233751296997, 0.3293471336364746, 0.23592069745063782, 0.2612578570842743, 0.10286733508110046, 0.14094731211662292, -0.008435389026999474], [0.1189441978931427, -0.10395795851945877, 0.21914142370224, 0.1451554000377655, 0.26953554153442383, 0.48106008768081665, 1.0, 0.04387841373682022, 0.23382863402366638, 0.01507650874555111, 0.15823772549629211, 0.08817940950393677, 0.13667984306812286, 0.06480718404054642, 0.056209906935691833, 0.055836550891399384, 0.11959069967269897, 0.14834266901016235, 0.024443816393613815, 0.06938005238771439, 0.14017975330352783, 0.15744775533676147, 0.15135155618190765, 0.09214523434638977, 0.11371763050556183, 0.05182715877890587, 0.19270652532577515, 0.1323034018278122, 0.23134532570838928, 0.2905377447605133, 0.09353271871805191, 0.15650610625743866, 0.2519872784614563, 0.1262436807155609, 0.1653171330690384, 0.36509019136428833, 0.13643935322761536, 0.15973185002803802, 0.30002841353416443, 0.06052881479263306, 0.11954662948846817], [0.09439714252948761, 0.11323857307434082, -0.058939844369888306, 0.08679357171058655, -0.06842102110385895, 0.15036214888095856, 0.04387841373682022, 0.9999998807907104, 0.011925064027309418, 0.038457244634628296, 0.24369941651821136, 0.33600765466690063, 0.21706710755825043, 0.26691877841949463, 0.1556178629398346, 0.17229390144348145, 0.4441399574279785, 0.14608344435691833, 0.19590111076831818, 0.05155348777770996, 0.22950169444084167, -0.06890151649713516, 0.16966144740581512, 0.2987464666366577, 0.10389374196529388, 0.3952115774154663, 0.279737651348114, -0.04186772555112839, 0.27107518911361694, 0.14795994758605957, 0.23817089200019836, -0.032831158488988876, 0.030747264623641968, 0.3011839687824249, 0.591691792011261, 0.2266852855682373, 0.37673333287239075, 0.30237412452697754, 0.27702224254608154, 0.29114264249801636, 0.28724104166030884], [0.25932782888412476, 0.1577593982219696, -0.05266352742910385, 0.014113868586719036, 0.2127474546432495, 0.22143781185150146, 0.23382863402366638, 0.011925064027309418, 0.9999994039535522, 0.2999870777130127, 0.16024720668792725, 0.26083362102508545, 0.03192652016878128, 0.4128471314907074, -0.031183898448944092, 0.08556339889764786, 0.2293483316898346, 0.03244524076581001, 0.08262477815151215, 0.34550413489341736, 0.051141150295734406, 0.2828170955181122, 0.3965882956981659, -0.027112117037177086, 0.021778099238872528, 0.22785037755966187, 0.08109494298696518, 0.36435410380363464, 0.1422150433063507, 0.16602540016174316, 0.25650811195373535, 0.016937915235757828, 0.2132956087589264, 0.37028759717941284, 0.05263236537575722, 0.12138742208480835, 0.19422759115695953, 0.24474862217903137, 0.11336751282215118, 0.4297773838043213, 0.07969027757644653], [-0.0027030576020479202, -0.04181991145014763, -0.045616962015628815, 0.19376873970031738, -0.010965580120682716, -0.05518148094415665, 0.01507650874555111, 0.038457244634628296, 0.2999870777130127, 1.0000003576278687, 0.16349461674690247, 0.10193486511707306, 0.03504090756177902, 0.6688064336776733, 0.32314980030059814, 0.18434461951255798, 0.065089151263237, 0.20477119088172913, 0.07721687853336334, 0.10896037518978119, -0.061382390558719635, 0.11544565856456757, 0.08657906949520111, 0.19798746705055237, 0.15392768383026123, 0.057243622839450836, 0.1388108730316162, 0.4836745262145996, -0.03649838641285896, -0.07730063050985336, 0.11695948988199234, 0.06598194688558578, 0.04298366233706474, 0.08525985479354858, -0.17604930698871613, -0.01692323200404644, -0.07177090644836426, 0.06579761952161789, 0.2068309187889099, 0.3208136558532715, 0.038167838007211685], [0.1321960687637329, 0.13895493745803833, 0.012318246066570282, 0.031481798738241196, 0.10173621028661728, 0.08799170702695847, 0.15823772549629211, 0.24369941651821136, 0.16024720668792725, 0.16349461674690247, 0.9999995231628418, 0.30193379521369934, 0.007431317120790482, 0.343472957611084, 0.18353910744190216, 0.6522501111030579, 0.4634847044944763, 0.5933171510696411, 0.44270241260528564, 0.09250928461551666, 0.5159491300582886, 0.085893914103508, 0.5717401504516602, 0.03383868187665939, -0.03895212709903717, 0.3183054029941559, 0.26539498567581177, 0.042436886578798294, 0.3418937921524048, 0.175921231508255, 0.4064180850982666, -0.033310383558273315, 0.15538454055786133, 0.31874868273735046, 0.3281020522117615, 0.1491287350654602, 0.39924192428588867, 0.5724425315856934, 0.13472676277160645, 0.20527303218841553, 0.1124601736664772], [0.20996572077274323, 0.28261464834213257, -0.16824401915073395, 0.14971855282783508, 0.1849237084388733, 0.2679956257343292, 0.08817940950393677, 0.33600765466690063, 0.26083362102508545, 0.10193486511707306, 0.30193379521369934, 1.0000007152557373, 0.03057752177119255, 0.1645359992980957, 0.16261041164398193, 0.011578908190131187, 0.4115288555622101, 0.043237995356321335, 0.033391669392585754, 0.3715159296989441, 0.4729269742965698, 0.2426944524049759, 0.5073988437652588, 0.18658745288848877, 0.08845379948616028, 0.3734564185142517, 0.31651848554611206, 0.11501186341047287, 0.26325222849845886, 0.04078197106719017, 0.4596603512763977, 0.10745298862457275, 0.2251518964767456, 0.42380374670028687, 0.31737110018730164, 0.16270260512828827, 0.5304680466651917, 0.5048500895500183, 0.15027308464050293, 0.42178434133529663, 0.34628117084503174], [0.08264932036399841, -0.05107634887099266, 0.2014472782611847, 0.2385360151529312, 0.13742752373218536, 0.1950039118528366, 0.13667984306812286, 0.21706710755825043, 0.03192652016878128, 0.03504090756177902, 0.007431317120790482, 0.03057752177119255, 0.9999991655349731, 0.15568071603775024, -0.08715085685253143, -0.030304402112960815, 0.10004668682813644, -0.07269823551177979, 0.2402839958667755, -0.05571364611387253, 0.00043153553269803524, 0.0369977168738842, 0.04653980955481529, 0.10851491987705231, 0.297305703163147, -0.03918461874127388, 0.11049757897853851, 0.02172531560063362, -0.018305491656064987, 0.03124842792749405, 0.16610074043273926, 0.27470433712005615, 0.13855066895484924, 0.08805833756923676, 0.13143453001976013, 0.22082270681858063, 0.0657670721411705, 0.1546119749546051, 0.17816638946533203, 0.1453164666891098, 0.1598374843597412], [0.130112886428833, -0.004434309434145689, -0.0434543713927269, 0.054414909332990646, 0.07713107019662857, 0.12460604310035706, 0.06480718404054642, 0.26691877841949463, 0.4128471314907074, 0.6688064336776733, 0.343472957611084, 0.1645359992980957, 0.15568071603775024, 1.0, 0.2292565256357193, 0.34135299921035767, 0.2236248254776001, 0.3570304811000824, 0.2965020537376404, 0.152329221367836, 0.0875922292470932, 0.08837820589542389, 0.21921707689762115, 0.16311700642108917, 0.0081283338367939, 0.24393200874328613, 0.20682364702224731, 0.4286077618598938, 0.0788913369178772, 0.012248702347278595, 0.24792948365211487, 0.07726821303367615, 0.054733846336603165, 0.2589761018753052, 0.0960523933172226, 0.11472868919372559, 0.12851572036743164, 0.26190170645713806, 0.18125009536743164, 0.44902923703193665, -0.0021616797894239426], [-0.06362208724021912, -0.09446261823177338, 0.0313272550702095, -0.0013801280874758959, -0.08471076190471649, 0.06089435890316963, 0.056209906935691833, 0.1556178629398346, -0.031183898448944092, 0.32314980030059814, 0.18353910744190216, 0.16261041164398193, -0.08715085685253143, 0.2292565256357193, 0.9999991655349731, 0.19049720466136932, -0.0004587387666106224, 0.4236587882041931, 0.010016465559601784, 0.3813154697418213, 0.16770140826702118, 0.3750816583633423, 0.1129198670387268, 0.3058832585811615, -0.08553779125213623, 0.10940830409526825, 0.18316411972045898, 0.09436169266700745, -0.08554597198963165, 0.027073586359620094, 0.13337726891040802, 0.033112045377492905, -0.05206046998500824, 0.125779390335083, -0.08223441243171692, 0.15042081475257874, -0.0685744509100914, 0.04423262178897858, 0.1918095499277115, -0.05853845924139023, -0.08226451277732849], [-0.05972255766391754, 0.20353543758392334, 0.16628576815128326, -0.021373048424720764, -0.05058535188436508, -0.05251429229974747, 0.055836550891399384, 0.17229390144348145, 0.08556339889764786, 0.18434461951255798, 0.6522501111030579, 0.011578908190131187, -0.030304402112960815, 0.34135299921035767, 0.19049720466136932, 0.9999993443489075, 0.2316981852054596, 0.7941391468048096, 0.45007240772247314, 0.04892556369304657, 0.1889597475528717, 0.009511925280094147, 0.24247758090496063, 0.07749976217746735, -0.11662839353084564, 0.10775995254516602, 0.35327231884002686, -0.004374359268695116, 0.09414160251617432, 0.09252287447452545, 0.04804977774620056, -0.06275678426027298, 0.06920985877513885, 0.10200434178113937, 0.053309038281440735, -0.004342259839177132, 0.057059504091739655, 0.27417197823524475, 0.1350601315498352, -0.013426808640360832, -0.11116369068622589], [0.30669647455215454, 0.3593015670776367, 0.01992044411599636, 0.046872831881046295, 0.26369136571884155, 0.18130217492580414, 0.11959069967269897, 0.4441399574279785, 0.2293483316898346, 0.065089151263237, 0.4634847044944763, 0.4115288555622101, 0.10004668682813644, 0.2236248254776001, -0.0004587387666106224, 0.2316981852054596, 0.9999997615814209, 0.1034623235464096, 0.5154900550842285, 0.30448418855667114, 0.3776698708534241, 0.22529414296150208, 0.4972999691963196, 0.18027754127979279, 0.032646212726831436, 0.5149872303009033, 0.11316367983818054, 0.10191092640161514, 0.3458048701286316, 0.18943160772323608, 0.5382113456726074, 0.17392607033252716, 0.30389416217803955, 0.5049899220466614, 0.5602215528488159, 0.2761644124984741, 0.400096595287323, 0.39618679881095886, 0.2835613489151001, 0.2710722088813782, 0.2094879448413849], [-0.019618559628725052, 0.0763634443283081, 0.15795449912548065, -0.07080405950546265, -0.09183287620544434, -0.044091515243053436, 0.14834266901016235, 0.14608344435691833, 0.03244524076581001, 0.20477119088172913, 0.5933171510696411, 0.043237995356321335, -0.07269823551177979, 0.3570304811000824, 0.4236587882041931, 0.7941391468048096, 0.1034623235464096, 0.9999999403953552, 0.3225013315677643, 0.1443302482366562, 0.14540031552314758, 0.05209621787071228, 0.2114488184452057, 0.08124692738056183, -0.07498858124017715, 0.10739590227603912, 0.34616827964782715, 0.020454280078411102, 0.05154784023761749, 0.16013875603675842, 0.07127468287944794, -0.15587753057479858, 0.02348693460226059, 0.14402243494987488, 0.02244238182902336, -0.004988163709640503, 0.050069570541381836, 0.2636798024177551, 0.0880950391292572, 0.001037796027958393, -0.024872804060578346], [0.27629709243774414, 0.2725009024143219, 0.20960362255573273, 0.008223946206271648, 0.19951410591602325, 0.10092218220233917, 0.024443816393613815, 0.19590111076831818, 0.08262477815151215, 0.07721687853336334, 0.44270241260528564, 0.033391669392585754, 0.2402839958667755, 0.2965020537376404, 0.010016465559601784, 0.45007240772247314, 0.5154900550842285, 0.3225013315677643, 1.0, 0.18668614327907562, 0.224846750497818, 0.16790913045406342, 0.34365004301071167, 0.04232317581772804, 0.0672534704208374, 0.09276527166366577, 0.07610903680324554, 0.0017218012362718582, 0.04728574678301811, 0.22417810559272766, 0.2328382432460785, 0.23098134994506836, 0.23547756671905518, 0.23123598098754883, 0.2909407615661621, 0.27377763390541077, 0.07477056235074997, 0.23065699636936188, 0.17487671971321106, 0.009127844125032425, 0.02079089917242527], [0.26675131916999817, 0.23038721084594727, 0.07664990425109863, -0.09535159170627594, 0.15339648723602295, 0.13677704334259033, 0.06938005238771439, 0.05155348777770996, 0.34550413489341736, 0.10896037518978119, 0.09250928461551666, 0.3715159296989441, -0.05571364611387253, 0.152329221367836, 0.3813154697418213, 0.04892556369304657, 0.30448418855667114, 0.1443302482366562, 0.18668614327907562, 1.0000001192092896, 0.21780148148536682, 0.7091090679168701, 0.3789653778076172, 0.04342108964920044, -0.10993099212646484, 0.382994681596756, 0.13747148215770721, 0.06996747851371765, -0.004232230596244335, 0.08356905728578568, 0.3483812212944031, 0.03855574131011963, 0.1278676986694336, 0.47690820693969727, 0.06953946501016617, 0.12394820898771286, 0.023207196965813637, 0.09695194661617279, 0.03203149884939194, 0.1626860499382019, 0.024813756346702576], [0.17681363224983215, 0.05783688649535179, 0.06341318041086197, 0.11699190735816956, 0.32444024085998535, 0.220725417137146, 0.14017975330352783, 0.22950169444084167, 0.051141150295734406, -0.061382390558719635, 0.5159491300582886, 0.4729269742965698, 0.00043153553269803524, 0.0875922292470932, 0.16770140826702118, 0.1889597475528717, 0.3776698708534241, 0.14540031552314758, 0.224846750497818, 0.21780148148536682, 1.0000009536743164, 0.17050746083259583, 0.5202049016952515, 0.05261440575122833, -0.015175439417362213, 0.33531588315963745, 0.1263272613286972, 0.10256796330213547, 0.38830673694610596, 0.19851209223270416, 0.43763694167137146, 0.2700439691543579, 0.3198615312576294, 0.3189014196395874, 0.3571528494358063, 0.2487035095691681, 0.4109932482242584, 0.4689434766769409, 0.1667783260345459, 0.20186272263526917, 0.1716601550579071], [0.24388852715492249, 0.18179425597190857, 0.03434024378657341, -0.05809889733791351, 0.2502644956111908, 0.1839011311531067, 0.15744775533676147, -0.06890151649713516, 0.2828170955181122, 0.11544565856456757, 0.085893914103508, 0.2426944524049759, 0.0369977168738842, 0.08837820589542389, 0.3750816583633423, 0.009511925280094147, 0.22529414296150208, 0.05209621787071228, 0.16790913045406342, 0.7091090679168701, 0.17050746083259583, 0.9999998807907104, 0.43365705013275146, 0.09173338860273361, -0.10211889445781708, 0.21972376108169556, 0.08718909323215485, 0.10449370741844177, -0.08073961734771729, 0.07893138378858566, 0.35776811838150024, 0.16886378824710846, 0.1492580771446228, 0.339779794216156, -0.010145368054509163, 0.165805384516716, -0.053859613835811615, 0.03424391895532608, 0.10838810354471207, 0.02479047141969204, -0.030397798866033554], [0.31239646673202515, 0.22784632444381714, -0.06422083079814911, 0.025700032711029053, 0.3295016288757324, 0.1516301929950714, 0.15135155618190765, 0.16966144740581512, 0.3965882956981659, 0.08657906949520111, 0.5717401504516602, 0.5073988437652588, 0.04653980955481529, 0.21921707689762115, 0.1129198670387268, 0.24247758090496063, 0.4972999691963196, 0.2114488184452057, 0.34365004301071167, 0.3789653778076172, 0.5202049016952515, 0.43365705013275146, 1.0000007152557373, -0.0016466793604195118, -0.006815094500780106, 0.41886210441589355, 0.09416727721691132, 0.1685115098953247, 0.27942341566085815, 0.13536320626735687, 0.6152644157409668, 0.09788389503955841, 0.26358935236930847, 0.49209922552108765, 0.3089584410190582, 0.19032159447669983, 0.39357709884643555, 0.4608936011791229, 0.10681939125061035, 0.3437436819076538, 0.2492215633392334], [-0.08885864168405533, -0.010693196207284927, 0.11942940950393677, 0.34545499086380005, 0.01990879513323307, 0.3112410604953766, 0.09214523434638977, 0.2987464666366577, -0.027112117037177086, 0.19798746705055237, 0.03383868187665939, 0.18658745288848877, 0.10851491987705231, 0.16311700642108917, 0.3058832585811615, 0.07749976217746735, 0.18027754127979279, 0.08124692738056183, 0.04232317581772804, 0.04342108964920044, 0.05261440575122833, 0.09173338860273361, -0.0016466793604195118, 0.9999997615814209, 0.16920340061187744, 0.018059249967336655, 0.3890770673751831, 0.02590116858482361, -0.014039339497685432, 0.015155944041907787, 0.10338789224624634, 0.21784590184688568, 0.12207284569740295, 0.04244339466094971, 0.07154913991689682, 0.1922626942396164, 0.08955426514148712, 0.07659466564655304, 0.40731626749038696, 0.0299617238342762, -0.11404107511043549], [0.3132239878177643, 0.08174668252468109, 0.414947509765625, 0.5382158160209656, 0.12983085215091705, 0.04337072744965553, 0.11371763050556183, 0.10389374196529388, 0.021778099238872528, 0.15392768383026123, -0.03895212709903717, 0.08845379948616028, 0.297305703163147, 0.0081283338367939, -0.08553779125213623, -0.11662839353084564, 0.032646212726831436, -0.07498858124017715, 0.0672534704208374, -0.10993099212646484, -0.015175439417362213, -0.10211889445781708, -0.006815094500780106, 0.16920340061187744, 1.0000004768371582, 0.005259414203464985, -0.00040349364280700684, 0.2132720649242401, 0.22451791167259216, 0.23445555567741394, 0.1037239134311676, 0.18633776903152466, 0.2933320105075836, 0.1487918347120285, 0.09750379621982574, 0.19986632466316223, 0.2233850359916687, 0.2862880229949951, 0.22206610441207886, 0.2809666693210602, 0.6048792004585266], [0.2779994010925293, 0.22633782029151917, -0.06802526861429214, -0.0410086065530777, 0.054809920489788055, 0.0385589599609375, 0.05182715877890587, 0.3952115774154663, 0.22785037755966187, 0.057243622839450836, 0.3183054029941559, 0.3734564185142517, -0.03918461874127388, 0.24393200874328613, 0.10940830409526825, 0.10775995254516602, 0.5149872303009033, 0.10739590227603912, 0.09276527166366577, 0.382994681596756, 0.33531588315963745, 0.21972376108169556, 0.41886210441589355, 0.018059249967336655, 0.005259414203464985, 1.0000001192092896, 0.16949699819087982, 0.18677251040935516, 0.6039178371429443, 0.20562061667442322, 0.5603021383285522, -0.12784893810749054, 0.08499951660633087, 0.6430879831314087, 0.5272411108016968, 0.2540915608406067, 0.34531086683273315, 0.3426300287246704, 0.08515878021717072, 0.3756001591682434, 0.34595298767089844], [-0.11716270446777344, 0.07063549757003784, 0.10489678382873535, 0.1518891602754593, -0.09710922837257385, 0.2224544733762741, 0.19270652532577515, 0.279737651348114, 0.08109494298696518, 0.1388108730316162, 0.26539498567581177, 0.31651848554611206, 0.11049757897853851, 0.20682364702224731, 0.18316411972045898, 0.35327231884002686, 0.11316367983818054, 0.34616827964782715, 0.07610903680324554, 0.13747148215770721, 0.1263272613286972, 0.08718909323215485, 0.09416727721691132, 0.3890770673751831, -0.00040349364280700684, 0.16949699819087982, 0.9999994039535522, 0.0011623338796198368, 0.22731341421604156, 0.039257556200027466, 0.0851512998342514, -0.09144710004329681, -0.007825253531336784, 0.016834968701004982, 0.1094714105129242, 0.07098906487226486, 0.13856863975524902, 0.18273085355758667, 0.20111709833145142, 0.08559481799602509, -0.012635262683033943], [0.18136811256408691, -0.06688206642866135, 0.06909128278493881, 0.15786918997764587, 0.26754650473594666, 0.10460210591554642, 0.1323034018278122, -0.04186772555112839, 0.36435410380363464, 0.4836745262145996, 0.042436886578798294, 0.11501186341047287, 0.02172531560063362, 0.4286077618598938, 0.09436169266700745, -0.004374359268695116, 0.10191092640161514, 0.020454280078411102, 0.0017218012362718582, 0.06996747851371765, 0.10256796330213547, 0.10449370741844177, 0.1685115098953247, 0.02590116858482361, 0.2132720649242401, 0.18677251040935516, 0.0011623338796198368, 1.0, 0.25506243109703064, 0.05675365775823593, 0.2521875202655792, 0.16411131620407104, 0.20291250944137573, 0.19110113382339478, -0.057754870504140854, 0.021732941269874573, 0.09833667427301407, 0.16106005012989044, 0.15310978889465332, 0.4613965153694153, 0.14572647213935852], [0.199390709400177, 0.12325464934110641, 0.06241311505436897, 0.24287228286266327, 0.07238364219665527, 0.03777094930410385, 0.23134532570838928, 0.27107518911361694, 0.1422150433063507, -0.03649838641285896, 0.3418937921524048, 0.26325222849845886, -0.018305491656064987, 0.0788913369178772, -0.08554597198963165, 0.09414160251617432, 0.3458048701286316, 0.05154784023761749, 0.04728574678301811, -0.004232230596244335, 0.38830673694610596, -0.08073961734771729, 0.27942341566085815, -0.014039339497685432, 0.22451791167259216, 0.6039178371429443, 0.22731341421604156, 0.25506243109703064, 0.9999994039535522, 0.23893190920352936, 0.3665056526660919, -0.06432373076677322, 0.1650966852903366, 0.2997070848941803, 0.467681348323822, 0.3098878562450409, 0.44672003388404846, 0.4165042042732239, 0.1610761284828186, 0.3416527509689331, 0.4431740939617157], [0.2628253698348999, 0.09813971817493439, 0.24084267020225525, 0.16709104180335999, 0.2308509349822998, 0.11995384097099304, 0.2905377447605133, 0.14795994758605957, 0.16602540016174316, -0.07730063050985336, 0.175921231508255, 0.04078197106719017, 0.03124842792749405, 0.012248702347278595, 0.027073586359620094, 0.09252287447452545, 0.18943160772323608, 0.16013875603675842, 0.22417810559272766, 0.08356905728578568, 0.19851209223270416, 0.07893138378858566, 0.13536320626735687, 0.015155944041907787, 0.23445555567741394, 0.20562061667442322, 0.039257556200027466, 0.05675365775823593, 0.23893190920352936, 1.0000007152557373, 0.08173954486846924, 0.10721873492002487, 0.6024160385131836, 0.2457750141620636, 0.34342172741889954, 0.3663918375968933, 0.18521492183208466, 0.12109865248203278, 0.39153236150741577, 0.08214175701141357, 0.35421064496040344], [0.3982676565647125, 0.2025025188922882, -0.08232500404119492, 0.07403776049613953, 0.36158639192581177, 0.15677616000175476, 0.09353271871805191, 0.23817089200019836, 0.25650811195373535, 0.11695948988199234, 0.4064180850982666, 0.4596603512763977, 0.16610074043273926, 0.24792948365211487, 0.13337726891040802, 0.04804977774620056, 0.5382113456726074, 0.07127468287944794, 0.2328382432460785, 0.3483812212944031, 0.43763694167137146, 0.35776811838150024, 0.6152644157409668, 0.10338789224624634, 0.1037239134311676, 0.5603021383285522, 0.0851512998342514, 0.2521875202655792, 0.3665056526660919, 0.08173954486846924, 0.9999997615814209, 0.15839174389839172, 0.2817716896533966, 0.5782724022865295, 0.32692667841911316, 0.21054665744304657, 0.3841448426246643, 0.5057842135429382, 0.1248183473944664, 0.4083440601825714, 0.22879184782505035], [0.15941619873046875, -0.04328707605600357, 0.2465618997812271, 0.38916894793510437, 0.5621689558029175, 0.20654535293579102, 0.15650610625743866, -0.032831158488988876, 0.016937915235757828, 0.06598194688558578, -0.033310383558273315, 0.10745298862457275, 0.27470433712005615, 0.07726821303367615, 0.033112045377492905, -0.06275678426027298, 0.17392607033252716, -0.15587753057479858, 0.23098134994506836, 0.03855574131011963, 0.2700439691543579, 0.16886378824710846, 0.09788389503955841, 0.21784590184688568, 0.18633776903152466, -0.12784893810749054, -0.09144710004329681, 0.16411131620407104, -0.06432373076677322, 0.10721873492002487, 0.15839174389839172, 0.9999998807907104, 0.5106081366539001, -0.006017195992171764, -0.0043435594998300076, 0.18580111861228943, 0.04403356462717056, 0.08606640249490738, 0.4900875687599182, -0.0774540975689888, 0.023752622306346893], [0.45407259464263916, 0.2039145529270172, 0.22273719310760498, 0.3542659878730774, 0.6461010575294495, 0.17008456587791443, 0.2519872784614563, 0.030747264623641968, 0.2132956087589264, 0.04298366233706474, 0.15538454055786133, 0.2251518964767456, 0.13855066895484924, 0.054733846336603165, -0.05206046998500824, 0.06920985877513885, 0.30389416217803955, 0.02348693460226059, 0.23547756671905518, 0.1278676986694336, 0.3198615312576294, 0.1492580771446228, 0.26358935236930847, 0.12207284569740295, 0.2933320105075836, 0.08499951660633087, -0.007825253531336784, 0.20291250944137573, 0.1650966852903366, 0.6024160385131836, 0.2817716896533966, 0.5106081366539001, 1.000000238418579, 0.24654966592788696, 0.13591605424880981, 0.2826935052871704, 0.2859635055065155, 0.2475038766860962, 0.41506099700927734, 0.20891529321670532, 0.2838226854801178], [0.4360975921154022, 0.3529478907585144, -0.006800663657486439, -0.007813640870153904, 0.2389238178730011, 0.13841918110847473, 0.1262436807155609, 0.3011839687824249, 0.37028759717941284, 0.08525985479354858, 0.31874868273735046, 0.42380374670028687, 0.08805833756923676, 0.2589761018753052, 0.125779390335083, 0.10200434178113937, 0.5049899220466614, 0.14402243494987488, 0.23123598098754883, 0.47690820693969727, 0.3189014196395874, 0.339779794216156, 0.49209922552108765, 0.04244339466094971, 0.1487918347120285, 0.6430879831314087, 0.016834968701004982, 0.19110113382339478, 0.2997070848941803, 0.2457750141620636, 0.5782724022865295, -0.006017195992171764, 0.24654966592788696, 1.0000001192092896, 0.3215530812740326, 0.26001882553100586, 0.38844576478004456, 0.43721526861190796, 0.09985849261283875, 0.43633562326431274, 0.3534301221370697], [0.2126949429512024, 0.0918625146150589, 0.002520330250263214, 0.056131936609745026, 0.09004057943820953, 0.2594233751296997, 0.1653171330690384, 0.591691792011261, 0.05263236537575722, -0.17604930698871613, 0.3281020522117615, 0.31737110018730164, 0.13143453001976013, 0.0960523933172226, -0.08223441243171692, 0.053309038281440735, 0.5602215528488159, 0.02244238182902336, 0.2909407615661621, 0.06953946501016617, 0.3571528494358063, -0.010145368054509163, 0.3089584410190582, 0.07154913991689682, 0.09750379621982574, 0.5272411108016968, 0.1094714105129242, -0.057754870504140854, 0.467681348323822, 0.34342172741889954, 0.32692667841911316, -0.0043435594998300076, 0.13591605424880981, 0.3215530812740326, 0.9999996423721313, 0.38327711820602417, 0.5457234978675842, 0.45098966360092163, 0.19054199755191803, 0.24204322695732117, 0.3908007740974426], [0.34033212065696716, 0.11123806238174438, 0.24475941061973572, 0.1423632800579071, 0.2260102927684784, 0.3293471336364746, 0.36509019136428833, 0.2266852855682373, 0.12138742208480835, -0.01692323200404644, 0.1491287350654602, 0.16270260512828827, 0.22082270681858063, 0.11472868919372559, 0.15042081475257874, -0.004342259839177132, 0.2761644124984741, -0.004988163709640503, 0.27377763390541077, 0.12394820898771286, 0.2487035095691681, 0.165805384516716, 0.19032159447669983, 0.1922626942396164, 0.19986632466316223, 0.2540915608406067, 0.07098906487226486, 0.021732941269874573, 0.3098878562450409, 0.3663918375968933, 0.21054665744304657, 0.18580111861228943, 0.2826935052871704, 0.26001882553100586, 0.38327711820602417, 1.0, 0.1899440884590149, 0.22232693433761597, 0.3279244303703308, 0.11007919162511826, 0.16811032593250275], [0.30682697892189026, 0.2377328872680664, -0.10126066207885742, 0.20167215168476105, 0.24971500039100647, 0.23592069745063782, 0.13643935322761536, 0.37673333287239075, 0.19422759115695953, -0.07177090644836426, 0.39924192428588867, 0.5304680466651917, 0.0657670721411705, 0.12851572036743164, -0.0685744509100914, 0.057059504091739655, 0.400096595287323, 0.050069570541381836, 0.07477056235074997, 0.023207196965813637, 0.4109932482242584, -0.053859613835811615, 0.39357709884643555, 0.08955426514148712, 0.2233850359916687, 0.34531086683273315, 0.13856863975524902, 0.09833667427301407, 0.44672003388404846, 0.18521492183208466, 0.3841448426246643, 0.04403356462717056, 0.2859635055065155, 0.38844576478004456, 0.5457234978675842, 0.1899440884590149, 0.9999997615814209, 0.7278866767883301, 0.10631966590881348, 0.47638627886772156, 0.43814706802368164], [0.2877041697502136, 0.15189775824546814, -0.003275335766375065, 0.15575344860553741, 0.21972231566905975, 0.2612578570842743, 0.15973185002803802, 0.30237412452697754, 0.24474862217903137, 0.06579761952161789, 0.5724425315856934, 0.5048500895500183, 0.1546119749546051, 0.26190170645713806, 0.04423262178897858, 0.27417197823524475, 0.39618679881095886, 0.2636798024177551, 0.23065699636936188, 0.09695194661617279, 0.4689434766769409, 0.03424391895532608, 0.4608936011791229, 0.07659466564655304, 0.2862880229949951, 0.3426300287246704, 0.18273085355758667, 0.16106005012989044, 0.4165042042732239, 0.12109865248203278, 0.5057842135429382, 0.08606640249490738, 0.2475038766860962, 0.43721526861190796, 0.45098966360092163, 0.22232693433761597, 0.7278866767883301, 0.9999996423721313, 0.08168576657772064, 0.4796910285949707, 0.3293050527572632], [-0.041522204875946045, -0.01646154746413231, 0.24502861499786377, 0.5019292831420898, 0.11638617515563965, 0.10286733508110046, 0.30002841353416443, 0.27702224254608154, 0.11336751282215118, 0.2068309187889099, 0.13472676277160645, 0.15027308464050293, 0.17816638946533203, 0.18125009536743164, 0.1918095499277115, 0.1350601315498352, 0.2835613489151001, 0.0880950391292572, 0.17487671971321106, 0.03203149884939194, 0.1667783260345459, 0.10838810354471207, 0.10681939125061035, 0.40731626749038696, 0.22206610441207886, 0.08515878021717072, 0.20111709833145142, 0.15310978889465332, 0.1610761284828186, 0.39153236150741577, 0.1248183473944664, 0.4900875687599182, 0.41506099700927734, 0.09985849261283875, 0.19054199755191803, 0.3279244303703308, 0.10631966590881348, 0.08168576657772064, 1.000000238418579, -0.04711674898862839, 0.14374852180480957], [0.3562106788158417, 0.06298401951789856, -0.07120735943317413, 0.10672354698181152, 0.18518206477165222, 0.14094731211662292, 0.06052879989147186, 0.29114261269569397, 0.4297773540019989, 0.3208135962486267, 0.20527303218841553, 0.42178434133529663, 0.1453164666891098, 0.44902920722961426, -0.05853845551609993, -0.013426815159618855, 0.2710722088813782, 0.0010377857834100723, 0.009127823635935783, 0.16268602013587952, 0.20186276733875275, 0.024790477007627487, 0.3437437117099762, 0.029961727559566498, 0.2809666693210602, 0.375600129365921, 0.0855947956442833, 0.46139639616012573, 0.3416528105735779, 0.08214174956083298, 0.408344030380249, -0.0774540826678276, 0.20891530811786652, 0.4363357126712799, 0.24204325675964355, 0.11007922142744064, 0.47638630867004395, 0.4796910881996155, -0.04711674898862839, 0.9999999403953552, 0.41622287034988403], [0.36307740211486816, 0.1763451099395752, 0.08186165988445282, 0.31202125549316406, 0.1127638891339302, -0.008435391820967197, 0.11954662948846817, 0.28724104166030884, 0.07969029992818832, 0.038167841732501984, 0.112460196018219, 0.3462812304496765, 0.1598374843597412, -0.0021616704761981964, -0.08226452767848969, -0.11116373538970947, 0.20948784053325653, -0.024872804060578346, 0.020790904760360718, 0.024813760071992874, 0.1716601550579071, -0.03039781004190445, 0.2492215633392334, -0.11404106020927429, 0.6048792600631714, 0.3459530174732208, -0.012635262683033943, 0.14572645723819733, 0.4431740641593933, 0.35421064496040344, 0.22879192233085632, 0.023752614855766296, 0.2838226556777954, 0.3534301519393921, 0.3908008337020874, 0.16811040043830872, 0.43814706802368164, 0.3293049931526184, 0.14374850690364838, 0.41622287034988403, 1.0]], "Supermarket": [[1.0000001192092896, 0.050234608352184296, 0.4886666536331177, 0.5889849662780762, 0.21521928906440735, 0.3320399522781372, 0.307343065738678, 0.08425164967775345, 0.4430959224700928, 0.3324908912181854, 0.40900224447250366, -0.05506636202335358, 0.13051638007164001, 0.38385412096977234, 0.1267114132642746, 0.18912722170352936, 0.040121935307979584, 0.3356171250343323, 0.19601033627986908, 0.32746103405952454, 0.228561669588089, -0.061950765550136566, 0.08319460600614548, -0.08927472680807114, 0.02320120297372341, 0.04944506287574768, 0.1008380651473999, 0.05401747301220894, 0.06939087808132172, -0.06490437686443329, 0.017953218892216682, 0.17674383521080017, -0.09518136084079742, 0.03501413017511368, 0.044172752648591995, 0.027931641787290573, 0.1779438704252243, 0.058733560144901276, 0.09489931166172028], [0.050234608352184296, 0.9999995231628418, 0.25399333238601685, 0.08626309782266617, 0.14026011526584625, 0.1348057985305786, 0.17325380444526672, 0.16994169354438782, 0.10677547007799149, 0.3017798662185669, 0.03535795211791992, 0.15787838399410248, 0.24441677331924438, 0.18376104533672333, 0.27268046140670776, 0.18738338351249695, 0.13964873552322388, 0.10669565200805664, 0.4317856431007385, 0.2422061413526535, 0.02990148589015007, 0.189315527677536, 0.17006048560142517, 0.21460503339767456, 0.19593307375907898, 0.3185606002807617, 0.17576152086257935, 0.08711078763008118, 0.12750278413295746, 0.1758224368095398, 0.4784509241580963, 0.26866114139556885, 0.22035926580429077, 0.2853739261627197, 0.26527565717697144, 0.14087462425231934, 0.5662318468093872, 0.2065792679786682, 0.4921923875808716], [0.4886666536331177, 0.25399333238601685, 1.0000005960464478, 0.4609311521053314, 0.15109094977378845, 0.33735498785972595, 0.2806311249732971, 0.09542691707611084, 0.21037718653678894, 0.2944098114967346, 0.2234724760055542, 0.0747784823179245, 0.1556067168712616, 0.35985067486763, 0.2941439151763916, 0.14817114174365997, 0.0040203118696808815, 0.2676052153110504, 0.17129603028297424, 0.23628389835357666, 0.2424444556236267, 0.06953166425228119, 0.10824983566999435, 0.1746005117893219, 0.18797408044338226, 0.08921967446804047, 0.10395000129938126, 0.01075960323214531, 0.1189042255282402, 0.02746773511171341, 0.1348075568675995, 0.18242545425891876, -9.560585021972656e-05, 0.12838685512542725, 0.03117581456899643, 0.09992386400699615, 0.30536988377571106, 0.04266723617911339, 0.22085389494895935], [0.5889849662780762, 0.08626309782266617, 0.4609311521053314, 0.9999998807907104, 0.1688007265329361, 0.39471563696861267, 0.23057055473327637, 0.14014971256256104, 0.3475750684738159, 0.36959418654441833, 0.3211723268032074, 0.021391185000538826, 0.20947158336639404, 0.42063039541244507, 0.3173362910747528, 0.30575382709503174, -0.0169468242675066, 0.31252431869506836, 0.20734740793704987, 0.39673614501953125, 0.35104620456695557, 0.0504765547811985, 0.15241697430610657, -0.02971544861793518, 0.288567453622818, 0.09469529986381531, 0.14054472744464874, 0.08109372854232788, 0.05541165918111801, 0.037280283868312836, 0.06328777223825455, 0.29680436849594116, -0.057548992335796356, 0.06491415947675705, -0.05417189002037048, 0.1724298894405365, 0.20936807990074158, 0.07915408909320831, 0.06454833596944809], [0.21521928906440735, 0.14026011526584625, 0.15109094977378845, 0.1688007265329361, 0.9999997019767761, 0.3656249940395355, 0.1999407410621643, 0.08673086017370224, 0.5444669127464294, 0.7398922443389893, 0.16637414693832397, -0.04387751221656799, 0.15948209166526794, 0.42778366804122925, 0.16325415670871735, 0.024166207760572433, 0.1621749997138977, 0.28898072242736816, 0.10013672709465027, 0.03474827855825424, 0.27876782417297363, 0.0023329323157668114, 0.1571718156337738, 0.15631183981895447, 0.16100534796714783, 0.08686605095863342, 0.1070270761847496, 0.07330527901649475, -0.032599303871393204, 0.024584975093603134, 0.06539496779441833, -0.012519135139882565, -0.033972181379795074, -0.02094663679599762, 0.1189267486333847, 0.04490359127521515, 0.19683218002319336, 0.15785536170005798, 0.18635469675064087], [0.3320399522781372, 0.1348057985305786, 0.33735498785972595, 0.39471563696861267, 0.3656249940395355, 1.0000001192092896, 0.3356441855430603, 0.23116600513458252, 0.2789727449417114, 0.47540631890296936, 0.40004241466522217, 0.20868252217769623, 0.24479296803474426, 0.48523199558258057, 0.33698439598083496, 0.046983588486909866, 0.21699443459510803, 0.476667582988739, 0.2294330894947052, 0.10352369397878647, 0.53477942943573, 0.18337562680244446, 0.23101666569709778, 0.2552241086959839, 0.2269269824028015, 0.16879796981811523, 0.2639431357383728, 0.34440508484840393, 0.10689564049243927, 0.12595641613006592, 0.10504931956529617, 0.03351091593503952, 0.01701050065457821, -0.04547639936208725, 0.2530621886253357, 0.24660624563694, 0.3