{"Fisherman": [[1.0000003576278687, 0.35791534185409546, 0.3218136429786682, 0.10407063364982605, 0.5018398761749268, 0.03518190607428551, 0.037593964487314224, 0.17013753950595856, 0.36007651686668396, 0.06606005132198334, 0.10614404082298279, 0.3383142352104187, -0.055039215832948685, 0.2703258991241455, 0.11648163944482803, 0.20959466695785522, 0.1579742729663849, 0.22638772428035736, 0.38021329045295715, 0.38188666105270386, 0.11983571946620941, 0.3609984517097473, 0.3140425682067871, 0.18155759572982788, 0.3696770668029785, 0.4031185507774353, 0.07626910507678986, 0.3034358322620392, 0.15580327808856964, 0.39836007356643677, 0.3305453658103943, 0.2035299837589264, 0.47662609815597534, 0.4070655107498169, 0.2116762399673462, 0.3097248077392578, 0.2935129702091217, 0.3280560374259949, 0.23844315111637115, 0.33432260155677795, 0.3050785958766937], [0.35791534185409546, 0.9999998807907104, 0.14880558848381042, 0.13447052240371704, 0.5187327861785889, 0.08242514729499817, 0.005775514990091324, 0.12360154092311859, 0.13013318181037903, -0.09995463490486145, -0.008146272972226143, 0.24333617091178894, 0.16175836324691772, 0.0656300038099289, 0.09808580577373505, 0.15611612796783447, 0.22309228777885437, 0.23147538304328918, 0.4423620402812958, 0.3125312626361847, 0.1868898570537567, 0.22587740421295166, 0.17534828186035156, 0.06601883471012115, -0.00826334860175848, 0.35460296273231506, 0.23192596435546875, 0.053058162331581116, -0.01060020923614502, 0.16491994261741638, 0.18774855136871338, 0.23731890320777893, 0.30448055267333984, 0.2434055507183075, 0.1441410928964615, 0.25170207023620605, 0.024336887523531914, 0.06868638098239899, 0.11115990579128265, -0.012388590723276138, 0.03861837089061737], [0.3218136429786682, 0.14880558848381042, 0.9999999403953552, 0.19106993079185486, 0.19953572750091553, 0.03937864303588867, 0.10566183179616928, 0.11688108742237091, 0.32411786913871765, 0.20472201704978943, 0.12010745704174042, 0.1510615348815918, 0.25947999954223633, 0.279136061668396, 0.21109139919281006, 0.26938045024871826, 0.09436599165201187, 0.2293463945388794, 0.25496476888656616, 0.3091757893562317, 0.19007498025894165, 0.2815050780773163, 0.2119578719139099, 0.22150078415870667, 0.38020455837249756, 0.261162668466568, 0.21240603923797607, 0.2437049150466919, 0.243033766746521, 0.17804479598999023, 0.14292825758457184, 0.23540303111076355, 0.23914414644241333, 0.2253952920436859, 0.10159064829349518, 0.23871931433677673, 0.09857398271560669, 0.10501036792993546, 0.343350350856781, 0.1761600226163864, 0.11304599046707153], [0.10407063364982605, 0.13447052240371704, 0.19106993079185486, 1.0000001192092896, 0.2141977697610855, 0.22302022576332092, 0.255645751953125, 0.05268789455294609, 0.28199100494384766, 0.15502402186393738, 0.15953883528709412, 0.20933878421783447, 0.18293502926826477, 0.179886132478714, 0.0219529177993536, 0.14301280677318573, 0.12829089164733887, 0.14129342138767242, 0.25781160593032837, 0.2147916555404663, 0.2758772075176239, 0.13299591839313507, 0.20915158092975616, 0.1768396645784378, 0.24563062191009521, 0.1663929522037506, 0.24050204455852509, 0.3020303249359131, 0.2513013780117035, 0.22673380374908447, 0.1254698634147644, 0.29735952615737915, 0.2908182740211487, 0.17673707008361816, 0.23134669661521912, 0.11198678612709045, 0.23466213047504425, 0.17992442846298218, 0.32318681478500366, 0.17845270037651062, 0.16172358393669128], [0.5018398761749268, 0.5187327861785889, 0.19953572750091553, 0.2141977697610855, 1.0, 0.2896991968154907, 0.27762866020202637, 0.09177910536527634, 0.31236976385116577, 0.051583658903837204, 0.032634101808071136, 0.2588203549385071, 0.10540036112070084, 0.19807519018650055, 0.10106828808784485, 0.1593710035085678, 0.23063185811042786, 0.1750062108039856, 0.43109244108200073, 0.3272581696510315, 0.22688576579093933, 0.2583082616329193, 0.20290419459342957, 0.23580870032310486, 0.09176421910524368, 0.3144480586051941, 0.11832030862569809, 0.3376222848892212, 0.03896725922822952, 0.35254228115081787, 0.27686840295791626, 0.5189392566680908, 0.5140950083732605, 0.37204787135124207, 0.14577211439609528, 0.33363914489746094, 0.09533783793449402, 0.080312579870224, 0.3248976469039917, 0.08652792125940323, 0.0749308168888092], [0.03518190607428551, 0.08242514729499817, 0.03937864303588867, 0.22302022576332092, 0.2896991968154907, 1.0, 0.6446253061294556, 0.09045901894569397, 0.26017895340919495, 0.12777815759181976, 0.10612607002258301, 0.1810036599636078, 0.17081132531166077, 0.17950576543807983, 0.04913139343261719, 0.09382222592830658, 0.1365959644317627, 0.1384314000606537, 0.17205598950386047, -0.012894457206130028, 0.10608384013175964, -0.03867547586560249, 0.05204496905207634, 0.1455947756767273, 0.04946000128984451, 0.12213549017906189, 0.2189713418483734, 0.2397727072238922, 0.14716708660125732, 0.3551689386367798, 0.036896366626024246, 0.1071237176656723, 0.10898994654417038, 0.03187044709920883, 0.2690196633338928, 0.42699241638183594, 0.16965264081954956, 0.08229746669530869, 0.16265623271465302, 0.12221583724021912, 0.041691359132528305], [0.03759395703673363, 0.005775507539510727, 0.10566183924674988, 0.255645751953125, 0.27762866020202637, 0.6446252465248108, 0.9999999403953552, 0.0847184881567955, 0.2209579050540924, 0.11411767452955246, 0.0888381227850914, 0.13446828722953796, 0.06930972635746002, 0.07989884167909622, 0.01902986690402031, -0.027069484815001488, 0.16160272061824799, 0.132608562707901, 0.045034006237983704, 0.01248263195157051, 0.10177228599786758, 0.008027400821447372, -0.006909914314746857, 0.035096824169158936, 0.12994620203971863, 0.13102863729000092, 0.21333688497543335, 0.2479952573776245, 0.2143811285495758, 0.33774635195732117, 0.029215577989816666, 0.1262044757604599, 0.18506482243537903, 0.06300639361143112, 0.2916308045387268, 0.34544962644577026, 0.12712259590625763, 0.07649611681699753, 0.2763257324695587, 0.13910678029060364, 0.09656837582588196], [0.17013753950595856, 0.12360154092311859, 0.11688108742237091, 0.05268789455294609, 0.09177910536527634, 0.09045901894569397, 0.0847184881567955, 1.0, 0.21039113402366638, 0.14467546343803406, 0.5815513134002686, 0.522465705871582, 0.17410360276699066, 0.2722897529602051, 0.28551530838012695, 0.2458011507987976, 0.5594671964645386, 0.3293944299221039, 0.25829222798347473, 0.19353878498077393, 0.5322624444961548, 0.1760593056678772, 0.5153663158416748, 0.31451958417892456, 0.09155669808387756, 0.5533808469772339, -0.02816196158528328, 0.09963138401508331, 0.5827670097351074, 0.15060071647167206, 0.4760817289352417, 0.16550897061824799, 0.026813870295882225, 0.46909230947494507, 0.643755316734314, 0.3406224250793457, 0.5613640546798706, 0.5340842008590698, 0.21228444576263428, 0.4669960141181946, 0.3623018264770508], [0.36007651686668396, 0.13013318181037903, 0.32411786913871765, 0.28199100494384766, 0.31236976385116577, 0.26017895340919495, 0.2209579348564148, 0.21039113402366638, 1.0, 0.5710116028785706, 0.3800044059753418, 0.2313816398382187, 0.19659650325775146, 0.7108234167098999, 0.05756472796201706, 0.41985541582107544, 0.2189406156539917, 0.39419692754745483, 0.44591856002807617, 0.3032878637313843, 0.1951538324356079, 0.25406646728515625, 0.34466201066970825, 0.33485931158065796, 0.15795648097991943, 0.38167011737823486, 0.3208564519882202, 0.5852608680725098, 0.3154554069042206, 0.2547014355659485, 0.2777143716812134, 0.2612532377243042, 0.18597054481506348, 0.3330715298652649, 0.2681511640548706, 0.42145130038261414, 0.15134304761886597, 0.13893750309944153, 0.3991537094116211, 0.439229816198349, 0.1556192934513092], [0.06606005132198334, -0.09995463490486145, 0.20472201704978943, 0.15502402186393738, 0.051583658903837204, 0.12777815759181976, 0.11411765962839127, 0.14467546343803406, 0.5710116028785706, 0.9999994039535522, 0.37400007247924805, 0.01917317695915699, 0.09280570596456528, 0.6418749094009399, 0.19788618385791779, 0.39698857069015503, 0.11443041265010834, 0.33722490072250366, 0.21894565224647522, 0.14074954390525818, 0.12326750159263611, 0.17179104685783386, 0.14889809489250183, 0.43728208541870117, 0.002277459017932415, 0.14866867661476135, 0.21871140599250793, 0.44868534803390503, 0.18725290894508362, 0.16272863745689392, 0.13991451263427734, 0.19172963500022888, 0.05958472937345505, 0.14624015986919403, 0.09030409157276154, 0.20836302638053894, 0.013200780376791954, -0.023617301136255264, 0.30740267038345337, 0.32784897089004517, -0.04768044129014015], [0.10614404082298279, -0.008146272972226143, 0.12010745704174042, 0.15953883528709412, 0.032634101808071136, 0.10612607002258301, 0.08883810043334961, 0.5815513134002686, 0.3800044059753418, 0.37400007247924805, 1.0, 0.4411624073982239, 0.11344315111637115, 0.4429660439491272, 0.16147848963737488, 0.5899432897567749, 0.606537938117981, 0.5080608129501343, 0.35771238803863525, 0.15156963467597961, 0.636751651763916, 0.15771213173866272, 0.6499305963516235, 0.23851236701011658, 0.07842442393302917, 0.5288792252540588, 0.08426441997289658, 0.20363065600395203, 0.6580278277397156, 0.14004705846309662, 0.4994972050189972, 0.21858635544776917, 0.07314647734165192, 0.44531142711639404, 0.6410596370697021, 0.2859276831150055, 0.4731327295303345, 0.5706405639648438, 0.1950044184923172, 0.4478113651275635, 0.31064409017562866], [0.3383142352104187, 0.24333617091178894, 0.1510615348815918, 0.20933878421783447, 0.2588203549385071, 0.1810036599636078, 0.13446825742721558, 0.522465705871582, 0.2313816398382187, 0.01917317695915699, 0.4411624073982239, 0.9999998807907104, 0.1397075355052948, 0.1549757570028305, 0.21776479482650757, 0.12205363810062408, 0.6240394115447998, 0.25274211168289185, 0.3506035804748535, 0.32278120517730713, 0.624859094619751, 0.23290689289569855, 0.5242644548416138, 0.17954334616661072, 0.2878970503807068, 0.5383071899414062, 0.14824840426445007, 0.13440465927124023, 0.5140106678009033, 0.3576001822948456, 0.4092063903808594, 0.30650418996810913, 0.4184144139289856, 0.420384019613266, 0.5680240392684937, 0.24843189120292664, 0.6357276439666748, 0.6810883283615112, 0.24016982316970825, 0.4955354630947113, 0.4295547604560852], [-0.055039215832948685, 0.16175836324691772, 0.25947999954223633, 0.18293502926826477, 0.10540036112070084, 0.17081132531166077, 0.06930974870920181, 0.17410360276699066, 0.19659650325775146, 0.09280570596456528, 0.11344315111637115, 0.1397075355052948, 1.0000004768371582, 0.3060295283794403, 0.19635766744613647, 0.17113220691680908, 0.12044905126094818, 0.1785188913345337, 0.4630421996116638, 0.3000517785549164, 0.27043092250823975, 0.2623949348926544, 0.2515096366405487, 0.07576338201761246, 0.07039249688386917, 0.06815401464700699, 0.254269540309906, 0.031688183546066284, 0.2122979462146759, 0.10323065519332886, 0.17158250510692596, 0.33275097608566284, 0.11023330688476562, 0.035970479249954224, 0.1605096161365509, 0.376407653093338, 0.029302161186933517, 0.1094910129904747, 0.16744202375411987, -0.0050644651055336, 0.0339486189186573], [0.27032598853111267, 0.0656300038099289, 0.27913594245910645, 0.179886132478714, 0.19807519018650055, 0.17950576543807983, 0.07989884167909622, 0.2722897529602051, 0.7108234167098999, 0.6418746709823608, 0.4429660439491272, 0.1549757570028305, 0.30602946877479553, 0.9999997019767761, 0.14196714758872986, 0.5836508274078369, 0.19853001832962036, 0.5100773572921753, 0.5742369294166565, 0.23530876636505127, 0.2156091332435608, 0.1895834505558014, 0.39001700282096863, 0.3535101115703583, 0.051573917269706726, 0.3473314642906189, 0.1957506686449051, 0.521571695804596, 0.3250414729118347, 0.2636716365814209, 0.3332788646221161, 0.2813948392868042, 0.12313538044691086, 0.3275381326675415, 0.2832275629043579, 0.40924254059791565, 0.1870526671409607, 0.20292672514915466, 0.23619109392166138, 0.4802091717720032, 0.1256358027458191], [0.11648163944482803, 0.09808580577373505, 0.21109139919281006, 0.0219529177993536, 0.10106828808784485, 0.04913139343261719, 0.01902986690402031, 0.28551530838012695, 0.05756472796201706, 0.19788618385791779, 0.16147848963737488, 0.21776479482650757, 0.19635766744613647, 0.14196711778640747, 0.9999999403953552, 0.09653466939926147, 0.1280771791934967, 0.4255295395851135, 0.10468917340040207, 0.3337003290653229, 0.24750134348869324, 0.4273418188095093, 0.17013853788375854, 0.3552859425544739, 0.10165414214134216, 0.2335931658744812, 0.03995715081691742, 0.10306952893733978, 0.19357973337173462, 0.2280624955892563, 0.16897770762443542, 0.1658267229795456, 0.14053332805633545, 0.20515266060829163, 0.1884186863899231, 0.24243555963039398, 0.10666252672672272, 0.09311134368181229, 0.2748216986656189, 0.08092302083969116, 0.10493132472038269], [0.20959466695785522, 0.15611612796783447, 0.26938045024871826, 0.14301280677318573, 0.1593710035085678, 0.09382222592830658, -0.02706947922706604, 0.2458011507987976, 0.41985541582107544, 0.39698857069015503, 0.5899432897567749, 0.12205363810062408, 0.17113220691680908, 0.5836507678031921, 0.09653466939926147, 1.0, 0.17642946541309357, 0.6183679103851318, 0.5092405080795288, 0.14026319980621338, 0.2819094657897949, 0.17217914760112762, 0.4010826051235199, 0.32303816080093384, 0.029580993577837944, 0.3053029179573059, 0.3036152124404907, 0.28747162222862244, 0.2721136212348938, 0.09384042024612427, 0.28427624702453613, 0.2465279996395111, 0.06284455209970474, 0.2609720230102539, 0.2649563252925873, 0.26631608605384827, 0.16895779967308044, 0.2499287724494934, 0.164629727602005, 0.25124484300613403, 0.0741950199007988], [0.1579742729663849, 0.22309228777885437, 0.09436599165201187, 0.12829089164733887, 0.23063185811042786, 0.1365959644317627, 0.1616027057170868, 0.5594671964645386, 0.2189406156539917, 0.11443041265010834, 0.606537938117981, 0.6240394115447998, 0.12044905126094818, 0.19852995872497559, 0.1280771791934967, 0.17642946541309357, 1.0, 0.1965329349040985, 0.46668481826782227, 0.34839558601379395, 0.7001309394836426, 0.23399889469146729, 0.6396715044975281, 0.1020338237285614, 0.0989096611738205, 0.6480475664138794, -0.027702979743480682, 0.0836755782365799, 0.6764034032821655, 0.15088528394699097, 0.5789506435394287, 0.34223049879074097, 0.23087146878242493, 0.5686917304992676, 0.6617456674575806, 0.2390674352645874, 0.484416663646698, 0.48357921838760376, 0.2853001356124878, 0.39733466506004333, 0.261542946100235], [0.22638772428035736, 0.23147538304328918, 0.2293463945388794, 0.14129342138767242, 0.1750062108039856, 0.1384314000606537, 0.13260851800441742, 0.3293944299221039, 0.39419692754745483, 0.33722490072250366, 0.5080608129501343, 0.25274211168289185, 0.1785188913345337, 0.5100774168968201, 0.4255295395851135, 0.6183679103851318, 0.1965329349040985, 1.000000238418579, 0.33355632424354553, 0.15722258388996124, 0.264468789100647, 0.22594034671783447, 0.41925182938575745, 0.2653595805168152, 0.04930505156517029, 0.47493958473205566, 0.34044522047042847, 0.2542518973350525, 0.31675055623054504, 0.24540698528289795, 0.30868247151374817, 0.08462203294038773, 0.1341976821422577, 0.32804614305496216, 0.3727269172668457, 0.31387948989868164, 0.25886479020118713, 0.3020133376121521, 0.15870586037635803, 0.33297115564346313, 0.21033021807670593], [0.38021329045295715, 0.4423620402812958, 0.25496476888656616, 0.25781160593032837, 0.43109244108200073, 0.17205598950386047, 0.04503399506211281, 0.25829222798347473, 0.44591856002807617, 0.21894565224647522, 0.35771238803863525, 0.3506035804748535, 0.4630421996116638, 0.5742368102073669, 0.10468917340040207, 0.5092405080795288, 0.46668481826782227, 0.33355632424354553, 1.0, 0.5577493906021118, 0.4359591007232666, 0.37468457221984863, 0.5492133498191833, 0.2513008117675781, 0.1128954365849495, 0.4116193354129791, 0.16637703776359558, 0.18916188180446625, 0.2762923836708069, 0.21978209912776947, 0.4252346158027649, 0.5754760503768921, 0.35279393196105957, 0.4455670118331909, 0.3173726201057434, 0.42342740297317505, 0.16046349704265594, 0.22306878864765167, 0.2570383548736572, 0.17775678634643555, 0.0995342805981636], [0.38188666105270386, 0.3125312626361847, 0.3091757893562317, 0.2147916555404663, 0.3272581696510315, -0.012894457206130028, 0.012482643127441406, 0.19353878498077393, 0.3032878637313843, 0.14074954390525818, 0.15156963467597961, 0.32278120517730713, 0.3000517785549164, 0.2353086918592453, 0.3337003290653229, 0.14026319980621338, 0.34839558601379395, 0.15722258388996124, 0.5577493906021118, 0.9999996423721313, 0.4023225009441376, 0.7102450132369995, 0.42306768894195557, 0.20932985842227936, 0.1444328874349594, 0.3896782398223877, 0.07362513244152069, 0.10782553255558014, 0.19937510788440704, 0.10131780803203583, 0.3796798884868622, 0.5145276188850403, 0.28953611850738525, 0.5198827385902405, 0.11716223508119583, 0.15497393906116486, 0.08636897802352905, 0.06321320682764053, 0.2978213131427765, 0.03200849890708923, 0.05119123309850693], [0.11983569711446762, 0.18688982725143433, 0.19007493555545807, 0.2758772075176239, 0.2268858253955841, 0.10608386248350143, 0.10177228599786758, 0.5322626829147339, 0.1951538324356079, 0.1232675313949585, 0.6367515921592712, 0.6248589754104614, 0.2704308331012726, 0.2156091332435608, 0.24750135838985443, 0.28190934658050537, 0.700130820274353, 0.264468789100647, 0.43595919013023376, 0.4023224711418152, 0.9999995231628418, 0.37783658504486084, 0.6562487483024597, 0.20973283052444458, 0.15377168357372284, 0.521079421043396, -0.012715503573417664, 0.14160624146461487, 0.6002016663551331, 0.12784582376480103, 0.5562509894371033, 0.44692933559417725, 0.2389782965183258, 0.4566129446029663, 0.5809105634689331, 0.23205502331256866, 0.4674830436706543, 0.48775041103363037, 0.2890380918979645, 0.31960487365722656, 0.24223990738391876], [0.3609984517097473, 0.22587740421295166, 0.2815050780773163, 0.13299591839313507, 0.2583082616329193, -0.03867547586560249, 0.008027404546737671, 0.1760593056678772, 0.25406646728515625, 0.17179104685783386, 0.15771213173866272, 0.23290689289569855, 0.2623949348926544, 0.18958346545696259, 0.4273418188095093, 0.17217914760112762, 0.23399889469146729, 0.22594034671783447, 0.37468457221984863, 0.7102450132369995, 0.37783658504486084, 1.0, 0.4669557213783264, 0.19910985231399536, 0.1151004433631897, 0.35229986906051636, 0.06385977566242218, 0.16665123403072357, 0.18435245752334595, 0.016607049852609634, 0.5038793087005615, 0.39511215686798096, 0.1477353572845459, 0.42165055871009827, 0.11715441942214966, 0.11596480011940002, 0.018420357257127762, 0.06495937705039978, 0.24339526891708374, 0.012130871415138245, 0.08427461981773376], [0.3140425682067871, 0.17534828186035156, 0.2119578719139099, 0.20915158092975616, 0.20290419459342957, 0.05204496905207634, -0.0069099366664886475, 0.5153663158416748, 0.34466201066970825, 0.14889809489250183, 0.6499305963516235, 0.5242644548416138, 0.2515096366405487, 0.39001694321632385, 0.17013853788375854, 0.4010826051235199, 0.6396715044975281, 0.41925182938575745, 0.5492133498191833, 0.42306768894195557, 0.6562486886978149, 0.4669557213783264, 1.0, 0.19504311680793762, 0.168843075633049, 0.6810784339904785, 0.047809869050979614, 0.1419181227684021, 0.619753360748291, 0.033389877527952194, 0.735000491142273, 0.2883961796760559, 0.1035296767950058, 0.6435648202896118, 0.58644700050354, 0.25861695408821106, 0.4388328790664673, 0.5129213929176331, 0.14250579476356506, 0.398360013961792, 0.3778579831123352], [0.18155759572982788, 0.06601883471012115, 0.22150078415870667, 0.1768396645784378, 0.23580870032310486, 0.1455947756767273, 0.03509681671857834, 0.31451958417892456, 0.33485931158065796, 0.43728208541870117, 0.23851236701011658, 0.17954334616661072, 0.07576338201761246, 0.35351020097732544, 0.3552859425544739, 0.32303816080093384, 0.1020338237285614, 0.2653595805168152, 0.2513008117675781, 0.20932985842227936, 0.2097328007221222, 0.19910985231399536, 0.19504311680793762, 1.0, 0.04274275153875351, 0.2612899839878082, 0.16568386554718018, 0.3332499861717224, 0.17981630563735962, 0.18160803616046906, 0.23182174563407898, 0.30613377690315247, 0.03793622925877571, 0.2960190773010254, 0.17974767088890076, 0.32810038328170776, 0.10732097923755646, -0.005845863372087479, 0.4152846932411194, 0.18931719660758972, 0.01747203804552555], [0.3696770668029785, -0.00826334860175848, 0.38020455837249756, 0.24563062191009521, 0.09176421910524368, 0.04946000128984451, 0.12994621694087982, 0.09155669808387756, 0.15795648097991943, 0.002277459017932415, 0.07842442393302917, 0.2878970503807068, 0.07039249688386917, 0.05157390981912613, 0.10165414214134216, 0.029580993577837944, 0.0989096611738205, 0.04930505156517029, 0.1128954365849495, 0.1444328874349594, 0.15377171337604523, 0.1151004433631897, 0.168843075633049, 0.04274275153875351, 0.9999994039535522, 0.13818559050559998, 0.08631958067417145, 0.18823394179344177, 0.2284456193447113, 0.3819446861743927, 0.09814706444740295, 0.11014717072248459, 0.3811478614807129, 0.13713917136192322, 0.16914193332195282, 0.12362638115882874, 0.24823272228240967, 0.304918110370636, 0.17313459515571594, 0.2750736474990845, 0.5112417340278625], [0.4031185507774353, 0.35460296273231506, 0.261162668466568, 0.1663929522037506, 0.3144480586051941, 0.12213549017906189, 0.13102863729000092, 0.5533808469772339, 0.38167011737823486, 0.14866867661476135, 0.5288792252540588, 0.5383071899414062, 0.06815401464700699, 0.3473314046859741, 0.2335931658744812, 0.3053029179573059, 0.6480475664138794, 0.47493958473205566, 0.4116193354129791, 0.3896782398223877, 0.521079421043396, 0.35229986906051636, 0.6810784339904785, 0.2612899839878082, 0.13818559050559998, 1.0000003576278687, 0.1109275072813034, 0.3141721487045288, 0.6248394250869751, 0.20348544418811798, 0.6690371036529541, 0.17573046684265137, 0.13786539435386658, 0.7516471147537231, 0.7067575454711914, 0.33392268419265747, 0.5005161762237549, 0.489848792552948, 0.18305401504039764, 0.4963211119174957, 0.3372628688812256], [0.07626910507678986, 0.23192596435546875, 0.21240603923797607, 0.24050204455852509, 0.11832030862569809, 0.2189713418483734, 0.21333692967891693, -0.02816196158528328, 0.3208564519882202, 0.21871140599250793, 0.08426441997289658, 0.14824840426445007, 0.254269540309906, 0.19575069844722748, 0.03995715081691742, 0.3036152124404907, -0.027702979743480682, 0.34044522047042847, 0.16637703776359558, 0.07362513244152069, -0.012715497985482216, 0.06385977566242218, 0.047809869050979614, 0.16568386554718018, 0.08631958067417145, 0.1109275072813034, 0.9999992847442627, 0.27416741847991943, 0.038059886544942856, 0.0957028865814209, -0.09662243723869324, 0.0688169077038765, 0.07288334518671036, -0.00893769133836031, 0.06789770722389221, 0.14191830158233643, -0.01212291605770588, 0.045390937477350235, 0.1462494134902954, 0.06489172577857971, -0.04101233184337616], [0.3034357726573944, 0.05305815488100052, 0.2437049001455307, 0.30203038454055786, 0.33762234449386597, 0.2397727221250534, 0.2479952573776245, 0.09963138401508331, 0.5852608680725098, 0.4486854672431946, 0.20363062620162964, 0.13440462946891785, 0.03168816119432449, 0.521571695804596, 0.1030694991350174, 0.28747159242630005, 0.08367559313774109, 0.2542518675327301, 0.18916192650794983, 0.10782552510499954, 0.14160624146461487, 0.16665127873420715, 0.1419181227684021, 0.3332499861717224, 0.18823394179344177, 0.31417208909988403, 0.27416741847991943, 0.9999999403953552, 0.2782004177570343, 0.2800207734107971, 0.2089063823223114, 0.15387779474258423, 0.22046002745628357, 0.26358115673065186, 0.23517213761806488, 0.2370995581150055, 0.15191185474395752, 0.0993204265832901, 0.2962338924407959, 0.3655264377593994, 0.11635120213031769], [0.15580327808856964, -0.01060020923614502, 0.243033766746521, 0.2513013780117035, 0.03896725922822952, 0.14716708660125732, 0.21438109874725342, 0.5827670097351074, 0.3154554069042206, 0.18725290894508362, 0.6580278277397156, 0.5140106678009033, 0.2122979462146759, 0.32504135370254517, 0.19357973337173462, 0.2721136212348938, 0.6764034032821655, 0.31675055623054504, 0.2762923836708069, 0.19937510788440704, 0.6002017259597778, 0.18435245752334595, 0.619753360748291, 0.17981630563735962, 0.2284456193447113, 0.6248394250869751, 0.038059886544942856, 0.2782003879547119, 1.0000001192092896, 0.16885429620742798, 0.539405107498169, 0.16314010322093964, 0.07057780027389526, 0.4453769326210022, 0.704551100730896, 0.30591630935668945, 0.5393413305282593, 0.5644544959068298, 0.2705119252204895, 0.5322728157043457, 0.380875825881958], [0.39836007356643677, 0.16491994261741638, 0.17804479598999023, 0.22673380374908447, 0.35254228115081787, 0.3551689386367798, 0.33774638175964355, 0.15060071647167206, 0.2547014355659485, 0.16272863745689392, 0.14004705846309662, 0.3576001822948456, 0.10323065519332886, 0.2636715769767761, 0.2280624955892563, 0.09384042024612427, 0.15088528394699097, 0.24540698528289795, 0.21978209912776947, 0.10131780803203583, 0.12784577906131744, 0.016607049852609634, 0.033389877527952194, 0.18160803616046906, 0.3819446861743927, 0.20348544418811798, 0.0957028865814209, 0.28002074360847473, 0.16885429620742798, 1.0, 0.06388427317142487, 0.24842070043087006, 0.645827054977417, 0.10336050391197205, 0.36736005544662476, 0.5198760032653809, 0.3460157811641693, 0.3132514953613281, 0.39120373129844666, 0.3011614680290222, 0.29636016488075256], [0.3305453658103943, 0.18774855136871338, 0.14292825758457184, 0.1254698634147644, 0.27686840295791626, 0.036896366626024246, 0.02921554446220398, 0.4760817289352417, 0.2777143716812134, 0.13991451263427734, 0.4994972050189972, 0.4092063903808594, 0.17158250510692596, 0.3332788348197937, 0.16897770762443542, 0.28427624702453613, 0.5789506435394287, 0.30868247151374817, 0.4252346158027649, 0.3796798884868622, 0.5562509298324585, 0.5038793087005615, 0.735000491142273, 0.23182174563407898, 0.09814706444740295, 0.6690371036529541, -0.09662243723869324, 0.20890642702579498, 0.539405107498169, 0.06388427317142487, 1.0000001192092896, 0.26520177721977234, 0.13203264772891998, 0.693996250629425, 0.5135610103607178, 0.261674165725708, 0.39436841011047363, 0.42596474289894104, 0.125691220164299, 0.323236882686615, 0.31277263164520264], [0.2035299837589264, 0.23731890320777893, 0.23540303111076355, 0.29735952615737915, 0.5189392566680908, 0.1071237176656723, 0.1262044459581375, 0.16550897061824799, 0.2612532377243042, 0.19172963500022888, 0.21858635544776917, 0.30650418996810913, 0.33275097608566284, 0.2813948392868042, 0.1658267229795456, 0.2465279996395111, 0.34223049879074097, 0.08462203294038773, 0.5754760503768921, 0.5145276188850403, 0.4469294548034668, 0.39511215686798096, 0.2883961796760559, 0.30613377690315247, 0.11014717072248459, 0.17573046684265137, 0.0688169077038765, 0.15387779474258423, 0.16314010322093964, 0.24842070043087006, 0.26520177721977234, 0.9999997615814209, 0.4584241211414337, 0.31520235538482666, 0.1254233568906784, 0.29283034801483154, 0.004854481667280197, 0.06727896630764008, 0.4459591507911682, 0.027045251801609993, 0.01997746340930462], [0.47662609815597534, 0.30448055267333984, 0.23914414644241333, 0.2908182740211487, 0.5140950083732605, 0.10898994654417038, 0.18506485223770142, 0.026813870295882225, 0.18597054481506348, 0.05958472937345505, 0.07314647734165192, 0.4184144139289856, 0.11023330688476562, 0.12313537299633026, 0.14053332805633545, 0.06284455209970474, 0.23087146878242493, 0.1341976821422577, 0.35279393196105957, 0.28953611850738525, 0.23897823691368103, 0.1477353572845459, 0.1035296767950058, 0.03793622925877571, 0.3811478614807129, 0.13786539435386658, 0.07288334518671036, 0.22046002745628357, 0.07057780027389526, 0.645827054977417, 0.13203264772891998, 0.4584241211414337, 0.9999996423721313, 0.16679099202156067, 0.13946479558944702, 0.238758385181427, 0.23287205398082733, 0.2788986563682556, 0.3487247824668884, 0.20649217069149017, 0.250998318195343], [0.4070655107498169, 0.2434055507183075, 0.2253952920436859, 0.17673707008361816, 0.37204787135124207, 0.03187044709920883, 0.06300642341375351, 0.46909230947494507, 0.3330715298652649, 0.14624015986919403, 0.44531142711639404, 0.420384019613266, 0.035970479249954224, 0.32753807306289673, 0.20515266060829163, 0.2609720230102539, 0.5686917304992676, 0.32804614305496216, 0.4455670118331909, 0.5198827385902405, 0.4566129148006439, 0.42165055871009827, 0.6435648202896118, 0.2960190773010254, 0.13713917136192322, 0.7516471147537231, -0.00893769133836031, 0.26358121633529663, 0.4453769326210022, 0.10336050391197205, 0.693996250629425, 0.31520235538482666, 0.16679099202156067, 1.000000238418579, 0.4431784152984619, 0.16785456240177155, 0.39539238810539246, 0.3380832076072693, 0.2108534872531891, 0.352936327457428, 0.2747284770011902], [0.2116762101650238, 0.14414110779762268, 0.10159063339233398, 0.2313467413187027, 0.14577209949493408, 0.2690196931362152, 0.2916308045387268, 0.6437551975250244, 0.2681512236595154, 0.09030405431985855, 0.6410598754882812, 0.5680240988731384, 0.1605096161365509, 0.2832275629043579, 0.1884186565876007, 0.2649562656879425, 0.661745548248291, 0.3727268576622009, 0.3173726499080658, 0.11716224253177643, 0.5809105634689331, 0.11715439707040787, 0.5864471197128296, 0.17974767088890076, 0.16914193332195282, 0.7067574858665466, 0.0678977221250534, 0.23517213761806488, 0.7045513391494751, 0.36736011505126953, 0.513560950756073, 0.1254233568906784, 0.13946475088596344, 0.4431783854961395, 1.000000238418579, 0.46162161231040955, 0.65226149559021, 0.6486834287643433, 0.22471334040164948, 0.5547292232513428, 0.41214555501937866], [0.3097248077392578, 0.25170207023620605, 0.23871931433677673, 0.11198678612709045, 0.33363914489746094, 0.42699241638183594, 0.34544968605041504, 0.3406224250793457, 0.42145130038261414, 0.20836302638053894, 0.2859276831150055, 0.24843189120292664, 0.376407653093338, 0.40924251079559326, 0.24243555963039398, 0.26631608605384827, 0.2390674352645874, 0.31387948989868164, 0.42342740297317505, 0.15497393906116486, 0.23205500841140747, 0.11596480011940002, 0.25861695408821106, 0.32810038328170776, 0.12362638115882874, 0.33392268419265747, 0.14191830158233643, 0.23709948360919952, 0.30591630935668945, 0.5198760032653809, 0.261674165725708, 0.29283034801483154, 0.238758385181427, 0.16785456240177155, 0.4616217017173767, 0.9999997615814209, 0.19260746240615845, 0.2383694052696228, 0.35411444306373596, 0.2258101999759674, 0.17066267132759094], [0.2935129702091217, 0.024336887523531914, 0.09857398271560669, 0.23466213047504425, 0.09533783793449402, 0.16965264081954956, 0.12712259590625763, 0.5613640546798706, 0.15134304761886597, 0.013200780376791954, 0.4731327295303345, 0.6357276439666748, 0.029302161186933517, 0.18705269694328308, 0.10666252672672272, 0.16895779967308044, 0.484416663646698, 0.25886479020118713, 0.16046349704265594, 0.08636897802352905, 0.4674830436706543, 0.018420357257127762, 0.4388328790664673, 0.10732097923755646, 0.24823272228240967, 0.5005161762237549, -0.01212291605770588, 0.1519118845462799, 0.5393413305282593, 0.3460157811641693, 0.39436841011047363, 0.004854481667280197, 0.23287205398082733, 0.39539238810539246, 0.65226149559021, 0.19260746240615845, 0.9999999403953552, 0.7918944358825684, 0.07510822266340256, 0.6486964225769043, 0.3978254795074463], [0.3280560374259949, 0.06868638098239899, 0.10501036792993546, 0.17992442846298218, 0.080312579870224, 0.08229746669530869, 0.07649609446525574, 0.5340842008590698, 0.13893750309944153, -0.023617301136255264, 0.5706405639648438, 0.6810883283615112, 0.1094910129904747, 0.20292669534683228, 0.09311134368181229, 0.2499287724494934, 0.48357921838760376, 0.3020133376121521, 0.22306878864765167, 0.06321320682764053, 0.48775041103363037, 0.06495937705039978, 0.5129213929176331, -0.005845863372087479, 0.304918110370636, 0.489848792552948, 0.045390937477350235, 0.0993204265832901, 0.5644544959068298, 0.3132514953613281, 0.42596474289894104, 0.06727896630764008, 0.2788986563682556, 0.3380832076072693, 0.6486835479736328, 0.2383694052696228, 0.7918944358825684, 0.9999998807907104, 0.018912825733423233, 0.6156669855117798, 0.4621965289115906], [0.23844315111637115, 0.11115990579128265, 0.343350350856781, 0.32318681478500366, 0.3248976469039917, 0.16265623271465302, 0.2763257622718811, 0.21228444576263428, 0.3991537094116211, 0.30740267038345337, 0.1950044184923172, 0.24016982316970825, 0.16744202375411987, 0.236191064119339, 0.2748216986656189, 0.164629727602005, 0.2853001356124878, 0.15870586037635803, 0.2570383548736572, 0.2978213131427765, 0.2890380918979645, 0.24339526891708374, 0.14250579476356506, 0.4152846932411194, 0.17313459515571594, 0.18305401504039764, 0.1462494134902954, 0.2962338924407959, 0.2705119252204895, 0.39120373129844666, 0.125691220164299, 0.4459591507911682, 0.3487247824668884, 0.2108534872531891, 0.22471338510513306, 0.35411444306373596, 0.07510822266340256, 0.018912825733423233, 1.0, 0.13280995190143585, 0.12720009684562683], [0.33432260155677795, -0.012388590723276138, 0.1761600226163864, 0.17845270037651062, 0.08652792125940323, 0.12221583724021912, 0.13910676538944244, 0.4669960141181946, 0.439229816198349, 0.32784897089004517, 0.4478113651275635, 0.4955354630947113, -0.0050644651055336, 0.4802091717720032, 0.08092302083969116, 0.25124484300613403, 0.39733466506004333, 0.33297115564346313, 0.17775678634643555, 0.03200849890708923, 0.31960487365722656, 0.012130871415138245, 0.398360013961792, 0.18931719660758972, 0.2750736474990845, 0.4963211119174957, 0.06489172577857971, 0.36552637815475464, 0.5322728157043457, 0.3011614680290222, 0.323236882686615, 0.027045251801609993, 0.20649217069149017, 0.352936327457428, 0.5547292232513428, 0.2258101999759674, 0.6486964225769043, 0.6156669855117798, 0.13280995190143585, 1.000000238418579, 0.42987290024757385], [0.3050785958766937, 0.03861837089061737, 0.11304599046707153, 0.16172358393669128, 0.0749308168888092, 0.041691359132528305, 0.09656839072704315, 0.3623018264770508, 0.1556192934513092, -0.04768044129014015, 0.31064409017562866, 0.4295547604560852, 0.0339486189186573, 0.12563584744930267, 0.10493132472038269, 0.0741950199007988, 0.261542946100235, 0.21033021807670593, 0.0995342805981636, 0.05119123309850693, 0.24223989248275757, 0.08427461981773376, 0.3778579831123352, 0.01747203804552555, 0.5112417340278625, 0.3372628688812256, -0.04101233184337616, 0.1163511797785759, 0.380875825881958, 0.29636016488075256, 0.31277263164520264, 0.01997746340930462, 0.250998318195343, 0.2747284770011902, 0.4121454358100891, 0.17066267132759094, 0.3978254795074463, 0.4621965289115906, 0.12720009684562683, 0.42987290024757385, 1.0000004768371582]], "Supermarket": [[0.9999998807907104, 0.3248033821582794, 0.6326726675033569, 0.6915261745452881, 0.5010112524032593, 0.31463316082954407, 0.30637314915657043, 0.26792624592781067, 0.45707154273986816, 0.46780645847320557, 0.3909206986427307, 0.13637927174568176, 0.35319530963897705, 0.45816993713378906, 0.24184201657772064, 0.20203357934951782, 0.2109232246875763, 0.3011409640312195, 0.14591702818870544, 0.4213770031929016, 0.37167197465896606, 0.20843182504177094, 0.15317793190479279, 0.18933318555355072, 0.35303282737731934, 0.14703047275543213, 0.31172728538513184, 0.06894544512033463, -0.025633323937654495, 0.16109122335910797, 0.08741050958633423, 0.3512144386768341, -0.017148781567811966, 0.0631103441119194, 0.11711394041776657, 0.26446017622947693, 0.21498572826385498, 0.13017749786376953, 0.18464422225952148], [0.3248033821582794, 1.0000008344650269, 0.3776126503944397, 0.2897149920463562, 0.250739723443985, 0.11207255721092224, 0.043373286724090576, 0.2917346954345703, 0.19522908329963684, 0.2571190595626831, 0.11495766043663025, 0.16402436792850494, 0.23226621747016907, 0.2526845932006836, 0.062402285635471344, 0.04398125037550926, 0.14763592183589935, 0.05621274188160896, 0.06367955356836319, 0.1152605265378952, 0.1810806691646576, 0.05165417492389679, 0.23121154308319092, 0.05012606084346771, 0.2338598668575287, 0.10108844190835953, 0.24292638897895813, -0.0017589721828699112, -0.12645310163497925, 0.19657737016677856, 0.0636356770992279, 0.26867780089378357, 0.0034739915281534195, -0.11466339230537415, 0.2774885296821594, 0.28967320919036865, 0.22474755346775055, 0.03419456630945206, 0.33486926555633545], [0.6326726675033569, 0.3776126503944397, 1.000000238418579, 0.6258042454719543, 0.40949732065200806, 0.25426962971687317, 0.19807708263397217, 0.3056401014328003, 0.3384196162223816, 0.34201204776763916, 0.32582637667655945, 0.16681647300720215, 0.2988060712814331, 0.40390193462371826, 0.36980968713760376, 0.14859077334403992, 0.22780373692512512, 0.21283811330795288, 0.18446306884288788, 0.34261250495910645, 0.34157243371009827, 0.21397912502288818, 0.15804681181907654, 0.20429761707782745, 0.3261914849281311, 0.11020401120185852, 0.2636164426803589, -0.018270663917064667, 0.028812576085329056, 0.11714670807123184, 0.04755018278956413, 0.3558923602104187, -0.004143752623349428, 0.09671679139137268, 0.1822814643383026, 0.2653590738773346, 0.33856725692749023, 0.1554919183254242, 0.3091474771499634], [0.6915261745452881, 0.2897149920463562, 0.6258042454719543, 0.9999995231628418, 0.5223977565765381, 0.44747310876846313, 0.33601221442222595, 0.24605554342269897, 0.4361075460910797, 0.5464456081390381, 0.4917762875556946, 0.09249390661716461, 0.4079062044620514, 0.5176985263824463, 0.43074193596839905, 0.3470001518726349, 0.277085542678833, 0.3546467423439026, 0.24479955434799194, 0.5600200295448303, 0.51369309425354, 0.1822414994239807, 0.13918597996234894, 0.2094697654247284, 0.4385778307914734, 0.22111627459526062, 0.2083263099193573, 0.1590229868888855, -0.025913869962096214, -0.03277026489377022, 0.16489876806735992, 0.4286996126174927, 0.006520291790366173, 0.06715188920497894, 0.16466087102890015, 0.24301739037036896, 0.267729789018631, 0.2491472214460373, 0.28876882791519165], [0.5010112524032593, 0.250739723443985, 0.40949732065200806, 0.5223977565765381, 0.9999999403953552, 0.3031882643699646, 0.3256534934043884, 0.3889428973197937, 0.6333876252174377, 0.691779375076294, 0.24507160484790802, 0.20186837017536163, 0.3693087697029114, 0.532603919506073, 0.18854239583015442, 0.21580737829208374, 0.2868480086326599, 0.3091301918029785, 0.24699461460113525, 0.3554442226886749, 0.4059474766254425, 0.24692757427692413, 0.21467959880828857, 0.19867314398288727, 0.3464493155479431, 0.24785403907299042, 0.26254451274871826, 0.11923043429851532, 0.028704199939966202, 0.05587293580174446, 0.2164636254310608, 0.37719008326530457, 0.18042007088661194, 0.15152263641357422, 0.19834187626838684, 0.3263758420944214, 0.36511528491973877, 0.1359117329120636, 0.38689401745796204], [0.31463316082954407, 0.11207255721092224, 0.25426962971687317, 0.44747310876846313, 0.3031882643699646, 0.9999995827674866, 0.3293032646179199, 0.05373331159353256, 0.25010913610458374, 0.36518800258636475, 0.3356170058250427, 0.05264362320303917, 0.14829276502132416, 0.3596879839897156, 0.28026723861694336, 0.21321731805801392, 0.15005432069301605, 0.4695146083831787, 0.11950048804283142, 0.3225998878479004, 0.37778186798095703, 0.16524317860603333, 0.026934854686260223, 0.3620283007621765, 0.3784480392932892, 0.14446094632148743, -0.016212906688451767, 0.19748812913894653, 0.07186177372932434, 0.026692399755120277, 0.14622056484222412, 0.22672447562217712, 0.051810406148433685, -0.012043217197060585, 0.05061205476522446, 0.06647433340549469, 0.1673392355442047, 0.5379334688186646, 0.15949846804141998], [0.30637314915657043, 0.04337329417467117, 0.19807708263397217, 0.3360123038291931, 0.32565346360206604, 0.3293033242225647, 1.0000003576278687, 0.1834726184606552, 0.33067530393600464, 0.3663676679134369, 0.32249078154563904, 0.09282663464546204, 0.22376474738121033, 0.4289262294769287, 0.21979087591171265, 0.03621570020914078, 0.17486891150474548, 0.6390658617019653, 0.39826729893684387, 0.16102102398872375, 0.5425232648849487, 0.17291665077209473, 0.07921361923217773, 0.2137838900089264, 0.39470842480659485, 0.15466523170471191, 0.18291190266609192, 0.06482700258493423, -0.07315392792224884, 0.04417175799