{
 "cells": [
  {
   "cell_type": "markdown",
   "id": "58c2a348-fb96-4d52-b3ed-f3814be1215f",
   "metadata": {},
   "source": [
    "## Simulation Configuration\n",
    "Let's demonstrate how to efficiently simulate the Landscape Model using the stimuli from our SBS dataset."
   ]
  },
  {
   "cell_type": "markdown",
   "id": "5872bd32-25a5-4cc5-9d02-b554711798db",
   "metadata": {},
   "source": [
    "### Dependencies and Data"
   ]
  },
  {
   "cell_type": "code",
   "execution_count": 2,
   "id": "e8766197-82a5-445f-a8b7-f3b58b5eaa86",
   "metadata": {},
   "outputs": [
    {
     "data": {
      "text/html": [
       "<div>\n",
       "<style scoped>\n",
       "    .dataframe tbody tr th:only-of-type {\n",
       "        vertical-align: middle;\n",
       "    }\n",
       "\n",
       "    .dataframe tbody tr th {\n",
       "        vertical-align: top;\n",
       "    }\n",
       "\n",
       "    .dataframe thead th {\n",
       "        text-align: right;\n",
       "    }\n",
       "</style>\n",
       "<table border=\"1\" class=\"dataframe\">\n",
       "  <thead>\n",
       "    <tr style=\"text-align: right;\">\n",
       "      <th></th>\n",
       "      <th>subject</th>\n",
       "      <th>list</th>\n",
       "      <th>item</th>\n",
       "      <th>input</th>\n",
       "      <th>output</th>\n",
       "      <th>study</th>\n",
       "      <th>recall</th>\n",
       "      <th>repeat</th>\n",
       "      <th>intrusion</th>\n",
       "      <th>item_index</th>\n",
       "      <th>cycle</th>\n",
       "      <th>story_index</th>\n",
       "      <th>story_name</th>\n",
       "      <th>time_test</th>\n",
       "    </tr>\n",
       "  </thead>\n",
       "  <tbody>\n",
       "    <tr>\n",
       "      <th>0</th>\n",
       "      <td>0</td>\n",
       "      <td>0</td>\n",
       "      <td>One fine day an old Maine man was fishing</td>\n",
       "      <td>1.0</td>\n",
       "      <td>NaN</td>\n",
       "      <td>True</td>\n",
       "      <td>False</td>\n",
       "      <td>0</td>\n",
       "      <td>False</td>\n",
       "      <td>0</td>\n",
       "      <td>0</td>\n",
       "      <td>0</td>\n",
       "      <td>Fisherman</td>\n",
       "      <td>1</td>\n",
       "    </tr>\n",
       "    <tr>\n",
       "      <th>1</th>\n",
       "      <td>0</td>\n",
       "      <td>0</td>\n",
       "      <td>on his favorite lake</td>\n",
       "      <td>2.0</td>\n",
       "      <td>2.0</td>\n",
       "      <td>True</td>\n",
       "      <td>True</td>\n",
       "      <td>0</td>\n",
       "      <td>False</td>\n",
       "      <td>1</td>\n",
       "      <td>0</td>\n",
       "      <td>0</td>\n",
       "      <td>Fisherman</td>\n",
       "      <td>1</td>\n",
       "    </tr>\n",
       "    <tr>\n",
       "      <th>2</th>\n",
       "      <td>0</td>\n",
       "      <td>0</td>\n",
       "      <td>and catching very little</td>\n",
       "      <td>3.0</td>\n",
       "      <td>NaN</td>\n",
       "      <td>True</td>\n",
       "      <td>False</td>\n",
       "      <td>0</td>\n",
       "      <td>False</td>\n",
       "      <td>2</td>\n",
       "      <td>0</td>\n",
       "      <td>0</td>\n",
       "      <td>Fisherman</td>\n",
       "      <td>1</td>\n",
       "    </tr>\n",
       "    <tr>\n",
       "      <th>3</th>\n",
       "      <td>0</td>\n",
       "      <td>0</td>\n",
       "      <td>Finally, he gave up</td>\n",
       "      <td>4.0</td>\n",
       "      <td>3.0</td>\n",
       "      <td>True</td>\n",
       "      <td>True</td>\n",
       "      <td>0</td>\n",
       "      <td>False</td>\n",
       "      <td>3</td>\n",
       "      <td>1</td>\n",
       "      <td>0</td>\n",
       "      <td>Fisherman</td>\n",
       "      <td>1</td>\n",
       "    </tr>\n",
       "    <tr>\n",
       "      <th>4</th>\n",
       "      <td>0</td>\n",
       "      <td>0</td>\n",
       "      <td>and walked back along the shore to his fishing...</td>\n",
       "      <td>5.0</td>\n",
       "      <td>NaN</td>\n",
       "      <td>True</td>\n",
       "      <td>False</td>\n",
       "      <td>0</td>\n",
       "      <td>False</td>\n",
       "      <td>4</td>\n",
       "      <td>1</td>\n",
       "      <td>0</td>\n",
       "      <td>Fisherman</td>\n",
       "      <td>1</td>\n",
       "    </tr>\n",
       "  </tbody>\n",
       "</table>\n",
       "</div>"
      ],
      "text/plain": [
       "   subject  list                                               item  input  \\\n",
       "0        0     0         One fine day an old Maine man was fishing     1.0   \n",
       "1        0     0                              on his favorite lake     2.0   \n",
       "2        0     0                           and catching very little    3.0   \n",
       "3        0     0                                Finally, he gave up    4.0   \n",
       "4        0     0  and walked back along the shore to his fishing...    5.0   \n",
       "\n",
       "   output  study  recall  repeat  intrusion  item_index  cycle  story_index  \\\n",
       "0     NaN   True   False       0      False           0      0            0   \n",
       "1     2.0   True    True       0      False           1      0            0   \n",
       "2     NaN   True   False       0      False           2      0            0   \n",
       "3     3.0   True    True       0      False           3      1            0   \n",
       "4     NaN   True   False       0      False           4      1            0   \n",
       "\n",
       "  story_name  time_test  \n",
       "0  Fisherman          1  \n",
       "1  Fisherman          1  \n",
       "2  Fisherman          1  \n",
       "3  Fisherman          1  \n",
       "4  Fisherman          1  "
      ]
     },
     "execution_count": 2,
     "metadata": {},
     "output_type": "execute_result"
    }
   ],
   "source": [
    "import pandas as pd\n",
    "import numpy as np\n",
    "import json\n",
    "from psifr import fr\n",
    "\n",
    "# load collection of similarity matrices and convert to numpy\n",
    "with open('data/similarities.json', 'r') as f:\n",
    "    connections = json.load(f)\n",
    "for key in connections.keys():\n",
    "    connections[key] = np.array(connections[key])\n",
    "\n",
    "# load recall data frame\n",
    "data = pd.read_csv('data/psifr_sbs.csv')\n",
    "events = fr.merge_free_recall(\n",
    "    data, list_keys=['item_index', 'cycle', 'story_index', \n",
    "                     'story_name', 'time_test'])\n",
    "events.head()"
   ]
  },
  {
   "cell_type": "markdown",
   "id": "de5669f2-299c-4290-af40-da1c836a4c53",
   "metadata": {},
   "source": [
    "### Cycle Extraction\n",
    "Let's just directly get a list of cycles containing indices of relevant units."
   ]
  },
  {
   "cell_type": "code",
   "execution_count": 3,
   "id": "d482f8bf-964d-4fd9-bee0-7b541a6d16ea",
   "metadata": {
    "tags": []
   },
   "outputs": [
    {
     "data": {
      "text/html": [
       "<div>\n",
       "<style scoped>\n",
       "    .dataframe tbody tr th:only-of-type {\n",
       "        vertical-align: middle;\n",
       "    }\n",
       "\n",
       "    .dataframe tbody tr th {\n",
       "        vertical-align: top;\n",
       "    }\n",
       "\n",
       "    .dataframe thead th {\n",
       "        text-align: right;\n",
       "    }\n",
       "</style>\n",
       "<table border=\"1\" class=\"dataframe\">\n",
       "  <thead>\n",
       "    <tr style=\"text-align: right;\">\n",
       "      <th>input</th>\n",
       "      <th>1.0</th>\n",
       "      <th>2.0</th>\n",
       "      <th>3.0</th>\n",
       "      <th>4.0</th>\n",
       "      <th>5.0</th>\n",
       "      <th>6.0</th>\n",
       "      <th>7.0</th>\n",
       "      <th>8.0</th>\n",
       "      <th>9.0</th>\n",
       "      <th>10.0</th>\n",
       "      <th>...</th>\n",
       "      <th>34.0</th>\n",
       "      <th>35.0</th>\n",
       "      <th>36.0</th>\n",
       "      <th>37.0</th>\n",
       "      <th>38.0</th>\n",
       "      <th>39.0</th>\n",
       "      <th>40.0</th>\n",
       "      <th>41.0</th>\n",
       "      <th>42.0</th>\n",
       "      <th>43.0</th>\n",
       "    </tr>\n",
       "    <tr>\n",
       "      <th>story_name</th>\n",
       "      <th></th>\n",
       "      <th></th>\n",
       "      <th></th>\n",
       "      <th></th>\n",
       "      <th></th>\n",
       "      <th></th>\n",
       "      <th></th>\n",
       "      <th></th>\n",
       "      <th></th>\n",
       "      <th></th>\n",
       "      <th></th>\n",
       "      <th></th>\n",
       "      <th></th>\n",
       "      <th></th>\n",
       "      <th></th>\n",
       "      <th></th>\n",
       "      <th></th>\n",
       "      <th></th>\n",
       "      <th></th>\n",
       "      <th></th>\n",
       "      <th></th>\n",
       "    </tr>\n",
       "  </thead>\n",
       "  <tbody>\n",
       "    <tr>\n",
       "      <th>Beach</th>\n",
       "      <td>0.0</td>\n",
       "      <td>0.0</td>\n",
       "      <td>0.0</td>\n",
       "      <td>0.0</td>\n",
       "      <td>1.0</td>\n",
       "      <td>1.0</td>\n",
       "      <td>1.0</td>\n",
       "      <td>1.0</td>\n",
       "      <td>2.0</td>\n",
       "      <td>2.0</td>\n",
       "      <td>...</td>\n",
       "      <td>10.0</td>\n",
       "      <td>10.0</td>\n",
       "      <td>11.0</td>\n",
       "      <td>11.0</td>\n",
       "      <td>12.0</td>\n",
       "      <td>12.0</td>\n",
       "      <td>12.0</td>\n",
       "      <td>NaN</td>\n",
       "      <td>NaN</td>\n",
       "      <td>NaN</td>\n",
       "    </tr>\n",
       "    <tr>\n",
       "      <th>Cat</th>\n",
       "      <td>0.0</td>\n",
       "      <td>0.0</td>\n",
       "      <td>0.0</td>\n",
       "      <td>0.0</td>\n",
       "      <td>1.0</td>\n",
       "      <td>2.0</td>\n",
       "      <td>3.0</td>\n",
       "      <td>4.0</td>\n",
       "      <td>5.0</td>\n",
       "      <td>5.0</td>\n",
       "      <td>...</td>\n",
       "      <td>24.0</td>\n",
       "      <td>24.0</td>\n",
       "      <td>24.0</td>\n",
       "      <td>24.0</td>\n",
       "      <td>25.0</td>\n",
       "      <td>25.0</td>\n",
       "      <td>NaN</td>\n",
       "      <td>NaN</td>\n",
       "      <td>NaN</td>\n",
       "      <td>NaN</td>\n",
       "    </tr>\n",
       "    <tr>\n",
       "      <th>Fisherman</th>\n",
       "      <td>0.0</td>\n",
       "      <td>0.0</td>\n",
       "      <td>0.0</td>\n",
       "      <td>1.0</td>\n",
       "      <td>1.0</td>\n",
       "      <td>2.0</td>\n",
       "      <td>3.0</td>\n",
       "      <td>4.0</td>\n",
       "      <td>5.0</td>\n",
       "      <td>6.0</td>\n",
       "      <td>...</td>\n",
       "      <td>24.0</td>\n",
       "      <td>25.0</td>\n",
       "      <td>26.0</td>\n",
       "      <td>27.0</td>\n",
       "      <td>28.0</td>\n",
       "      <td>28.0</td>\n",
       "      <td>29.0</td>\n",
       "      <td>30.0</td>\n",
       "      <td>NaN</td>\n",
       "      <td>NaN</td>\n",
       "    </tr>\n",
       "    <tr>\n",
       "      <th>Flight</th>\n",
       "      <td>0.0</td>\n",
       "      <td>1.0</td>\n",
       "      <td>1.0</td>\n",
       "      <td>2.0</td>\n",
       "      <td>3.0</td>\n",
       "      <td>4.0</td>\n",
       "      <td>4.0</td>\n",
       "      <td>4.0</td>\n",
       "      <td>4.0</td>\n",
       "      <td>4.0</td>\n",
       "      <td>...</td>\n",
       "      <td>12.0</td>\n",
       "      <td>12.0</td>\n",
       "      <td>12.0</td>\n",
       "      <td>13.0</td>\n",
       "      <td>14.0</td>\n",
       "      <td>15.0</td>\n",
       "      <td>15.0</td>\n",
       "      <td>16.0</td>\n",
       "      <td>17.0</td>\n",
       "      <td>18.0</td>\n",
       "    </tr>\n",
       "    <tr>\n",
       "      <th>Fog</th>\n",
       "      <td>0.0</td>\n",
       "      <td>0.0</td>\n",
       "      <td>0.0</td>\n",
       "      <td>0.0</td>\n",
       "      <td>0.0</td>\n",
       "      <td>0.0</td>\n",
       "      <td>1.0</td>\n",
       "      <td>1.0</td>\n",
       "      <td>2.0</td>\n",
       "      <td>3.0</td>\n",
       "      <td>...</td>\n",
       "      <td>NaN</td>\n",
       "      <td>NaN</td>\n",
       "      <td>NaN</td>\n",
       "      <td>NaN</td>\n",
       "      <td>NaN</td>\n",
       "      <td>NaN</td>\n",
       "      <td>NaN</td>\n",
       "      <td>NaN</td>\n",
       "      <td>NaN</td>\n",
       "      <td>NaN</td>\n",
       "    </tr>\n",
       "    <tr>\n",
       "      <th>Supermarket</th>\n",
       "      <td>0.0</td>\n",
       "      <td>0.0</td>\n",
       "      <td>1.0</td>\n",
       "      <td>1.0</td>\n",
       "      <td>2.0</td>\n",
       "      <td>2.0</td>\n",
       "      <td>2.0</td>\n",
       "      <td>3.0</td>\n",
       "      <td>4.0</td>\n",
       "      <td>4.0</td>\n",
       "      <td>...</td>\n",
       "      <td>17.0</td>\n",
       "      <td>18.0</td>\n",
       "      <td>18.0</td>\n",
       "      <td>19.0</td>\n",
       "      <td>19.0</td>\n",
       "      <td>19.0</td>\n",
       "      <td>NaN</td>\n",
       "      <td>NaN</td>\n",
       "      <td>NaN</td>\n",
       "      <td>NaN</td>\n",
       "    </tr>\n",
       "  </tbody>\n",
       "</table>\n",
       "<p>6 rows × 43 columns</p>\n",
       "</div>"
      ],
      "text/plain": [
       "input        1.0   2.0   3.0   4.0   5.0   6.0   7.0   8.0   9.0   10.0  ...  \\\n",
       "story_name                                                               ...   \n",
       "Beach         0.0   0.0   0.0   0.0   1.0   1.0   1.0   1.0   2.0   2.0  ...   \n",
       "Cat           0.0   0.0   0.0   0.0   1.0   2.0   3.0   4.0   5.0   5.0  ...   \n",
       "Fisherman     0.0   0.0   0.0   1.0   1.0   2.0   3.0   4.0   5.0   6.0  ...   \n",
       "Flight        0.0   1.0   1.0   2.0   3.0   4.0   4.0   4.0   4.0   4.0  ...   \n",
       "Fog           0.0   0.0   0.0   0.0   0.0   0.0   1.0   1.0   2.0   3.0  ...   \n",
       "Supermarket   0.0   0.0   1.0   1.0   2.0   2.0   2.0   3.0   4.0   4.0  ...   \n",
       "\n",
       "input        34.0  35.0  36.0  37.0  38.0  39.0  40.0  41.0  42.0  43.0  \n",
       "story_name                                                               \n",
       "Beach        10.0  10.0  11.0  11.0  12.0  12.0  12.0   NaN   NaN   NaN  \n",
       "Cat          24.0  24.0  24.0  24.0  25.0  25.0   NaN   NaN   NaN   NaN  \n",
       "Fisherman    24.0  25.0  26.0  27.0  28.0  28.0  29.0  30.0   NaN   NaN  \n",
       "Flight       12.0  12.0  12.0  13.0  14.0  15.0  15.0  16.0  17.0  18.0  \n",
       "Fog           NaN   NaN   NaN   NaN   NaN   NaN   NaN   NaN   NaN   NaN  \n",
       "Supermarket  17.0  18.0  18.0  19.0  19.0  19.0   NaN   NaN   NaN   NaN  \n",
       "\n",
       "[6 rows x 43 columns]"
      ]
     },
     "execution_count": 3,
     "metadata": {},
     "output_type": "execute_result"
    }
   ],
   "source": [
    "cycle_table = events.pivot_table(index=['story_name'], columns='input', values='cycle')\n",
    "cycle_table"
   ]
  },
  {
   "cell_type": "code",
   "execution_count": 4,
   "id": "03d5d608-f393-4467-9506-c596788c1212",
   "metadata": {},
   "outputs": [],
   "source": [
    "experiences = {}\n",
    "\n",
    "for story_name in connections.keys():\n",
    "    v = cycle_table.loc[story_name].values\n",
    "    \n",
    "    next_experience = []\n",
    "    current_cycle = 0\n",
    "    experiences[story_name] = []\n",
    "\n",
    "    for unit_index, cycle_index in enumerate(v):\n",
    "        if current_cycle != cycle_index:\n",
    "            experiences[story_name].append(next_experience)\n",
    "            next_experience = [unit_index]\n",
    "            current_cycle = cycle_index\n",
    "        else:\n",
    "            next_experience.append(unit_index)"
   ]
  },
  {
   "cell_type": "markdown",
   "id": "44062cf3-308f-46f9-b7f7-0ffc02dd0b6b",
   "metadata": {},
   "source": [
    "### Recall Rates\n",
    "We're going to be testing the correlation between connection strengths and unit recall rates for each story, across subjects."
   ]
  },
  {
   "cell_type": "code",
   "execution_count": 5,
   "id": "71478dbc-d1fc-455f-a6d5-0cb2730fb75c",
   "metadata": {},
   "outputs": [
    {
     "data": {
      "text/html": [
       "<div>\n",
       "<style scoped>\n",
       "    .dataframe tbody tr th:only-of-type {\n",
       "        vertical-align: middle;\n",
       "    }\n",
       "\n",
       "    .dataframe tbody tr th {\n",
       "        vertical-align: top;\n",
       "    }\n",
       "\n",
       "    .dataframe thead th {\n",
       "        text-align: right;\n",
       "    }\n",
       "</style>\n",
       "<table border=\"1\" class=\"dataframe\">\n",
       "  <thead>\n",
       "    <tr style=\"text-align: right;\">\n",
       "      <th>story_name</th>\n",
       "      <th>Beach</th>\n",
       "      <th>Cat</th>\n",
       "      <th>Fisherman</th>\n",
       "      <th>Flight</th>\n",
       "      <th>Fog</th>\n",
       "      <th>Supermarket</th>\n",
       "    </tr>\n",
       "    <tr>\n",
       "      <th>input</th>\n",
       "      <th></th>\n",
       "      <th></th>\n",
       "      <th></th>\n",
       "      <th></th>\n",
       "      <th></th>\n",
       "      <th></th>\n",
       "    </tr>\n",
       "  </thead>\n",
       "  <tbody>\n",
       "    <tr>\n",
       "      <th>1.0</th>\n",
       "      <td>1.000000</td>\n",
       "      <td>0.545455</td>\n",
       "      <td>0.500000</td>\n",
       "      <td>1.000000</td>\n",
       "      <td>0.590909</td>\n",
       "      <td>1.000000</td>\n",
       "    </tr>\n",
       "    <tr>\n",
       "      <th>2.0</th>\n",
       "      <td>0.909091</td>\n",
       "      <td>0.681818</td>\n",
       "      <td>0.909091</td>\n",
       "      <td>0.909091</td>\n",
       "      <td>0.545455</td>\n",
       "      <td>0.954545</td>\n",
       "    </tr>\n",
       "    <tr>\n",
       "      <th>3.0</th>\n",
       "      <td>0.909091</td>\n",
       "      <td>0.772727</td>\n",
       "      <td>0.454545</td>\n",
       "      <td>1.000000</td>\n",
       "      <td>0.909091</td>\n",
       "      <td>0.909091</td>\n",
       "    </tr>\n",
       "    <tr>\n",
       "      <th>4.0</th>\n",
       "      <td>0.909091</td>\n",
       "      <td>0.727273</td>\n",
       "      <td>0.954545</td>\n",
       "      <td>0.954545</td>\n",
       "      <td>0.909091</td>\n",
       "      <td>0.636364</td>\n",
       "    </tr>\n",
       "    <tr>\n",
       "      <th>5.0</th>\n",
       "      <td>0.454545</td>\n",
       "      <td>0.454545</td>\n",
       "      <td>0.863636</td>\n",
       "      <td>0.772727</td>\n",
       "      <td>1.000000</td>\n",
       "      <td>0.590909</td>\n",
       "    </tr>\n",
       "  </tbody>\n",
       "</table>\n",
       "</div>"
      ],
      "text/plain": [
       "story_name     Beach       Cat  Fisherman    Flight       Fog  Supermarket\n",
       "input                                                                     \n",
       "1.0         1.000000  0.545455   0.500000  1.000000  0.590909     1.000000\n",
       "2.0         0.909091  0.681818   0.909091  0.909091  0.545455     0.954545\n",
       "3.0         0.909091  0.772727   0.454545  1.000000  0.909091     0.909091\n",
       "4.0         0.909091  0.727273   0.954545  0.954545  0.909091     0.636364\n",
       "5.0         0.454545  0.454545   0.863636  0.772727  1.000000     0.590909"
      ]
     },
     "execution_count": 5,
     "metadata": {},
     "output_type": "execute_result"
    }
   ],
   "source": [
    "recall_rates = events.loc[(events.time_test==2)].pivot_table(index='input', columns='story_name', values='recall')\n",
    "recall_rates.head()"
   ]
  },
  {
   "cell_type": "markdown",
   "id": "5f95d631-719b-4307-b48a-adea00605392",
   "metadata": {},
   "source": [
    "### Simulation"
   ]
  },
  {
   "cell_type": "code",
   "execution_count": 6,
   "id": "f75727ed-bc38-46f5-8a10-1f18c5c45048",
   "metadata": {},
   "outputs": [
    {
     "name": "stderr",
     "output_type": "stream",
     "text": [
      "c:\\programdata\\miniconda3\\lib\\site-packages\\psifr\\measures.py:298: RuntimeWarning: Mean of empty slice\n",
      "  {'subject': subject, 'rank': np.nanmean(ranks)}, index=[subject]\n",
      "c:\\programdata\\miniconda3\\lib\\site-packages\\psifr\\measures.py:298: RuntimeWarning: Mean of empty slice\n",
      "  {'subject': subject, 'rank': np.nanmean(ranks)}, index=[subject]\n"
     ]
    }
   ],
   "source": [
    "connection_strengths = {}\n",
    "distance_ranks = {}\n",
    "\n",
    "for story_name in connections.keys():\n",
    "    connection_strengths[story_name] = []\n",
    "    distance_ranks[story_name] = []\n",
    "\n",
    "for story_name in connections.keys():\n",
    "    model = LandscapeRevised(connections[story_name])\n",
    "    model.connections[np.eye(model.unit_count, dtype='bool')] = 0\n",
    "    \n",
    "    # track connection strengths for each unit\n",
    "    connection_strengths[story_name].append(np.sum(model.connections, axis=0))\n",
    "    \n",
    "    # track distance_rank score across units\n",
    "    distance_rank = fr.distance_rank(\n",
    "        events.loc[(events.story_name==story_name) & (events.time_test==1)], \n",
    "        'item_index', 1-model.connections).agg(['mean'])\n",
    "    distance_ranks[story_name].append(distance_rank)\n"
   ]
  },
  {
   "cell_type": "code",
   "execution_count": 7,
   "id": "b2573236-4855-4c06-9ca5-8485ada3681b",
   "metadata": {
    "tags": []
   },
   "outputs": [
    {
     "name": "stdout",
     "output_type": "stream",
     "text": [
      "Fisherman\n",
      "Supermarket\n",
      "Flight\n",
      "Cat\n",
      "Fog\n",
      "Beach\n"
     ]
    },
    {
     "data": {
      "text/plain": [
       "(-0.2751566373180548, 2.513792465699382e-05)"
      ]
     },
     "execution_count": 7,
     "metadata": {},
     "output_type": "execute_result"
    }
   ],
   "source": [
    "from scipy import stats\n",
    "\n",
    "all_recall_rates = []\n",
    "all_connection_strengths = []\n",
    "for story_name in connections.keys():\n",
    "    print(story_name)\n",
    "    \n",
    "    for i in range(len(connection_strengths[story_name])):\n",
    "        story_recall_rates = recall_rates[story_name].values\n",
    "        story_recall_rates = story_recall_rates[np.logical_not(np.isnan(story_recall_rates))]\n",
    "        all_recall_rates = all_recall_rates + story_recall_rates.tolist()\n",
    "\n",
    "        all_connection_strengths = all_connection_strengths + connection_strengths[story_name][i].tolist()\n",
    "    \n",
    "stats.pearsonr(all_connection_strengths, all_recall_rates)"
   ]
  },
  {
   "cell_type": "code",
   "execution_count": 8,
   "id": "d2aab363-a37b-43ee-bb0a-f03829bd6722",
   "metadata": {
    "collapsed": true,
    "jupyter": {
     "outputs_hidden": true
    },
    "tags": []
   },
   "outputs": [
    {
     "data": {
      "text/plain": [
       "{'Fisherman': array([[ 1.00000036,  0.35791534,  0.32181364, ...,  0.23844315,\n",
       "          0.3343226 ,  0.3050786 ],\n",
       "        [ 0.35791534,  0.99999988,  0.14880559, ...,  0.11115991,\n",
       "         -0.01238859,  0.03861837],\n",
       "        [ 0.32181364,  0.14880559,  0.99999994, ...,  0.34335035,\n",
       "          0.17616002,  0.11304599],\n",
       "        ...,\n",
       "        [ 0.23844315,  0.11115991,  0.34335035, ...,  1.        ,\n",
       "          0.13280995,  0.1272001 ],\n",
       "        [ 0.3343226 , -0.01238859,  0.17616002, ...,  0.13280995,\n",
       "          1.00000024,  0.4298729 ],\n",
       "        [ 0.3050786 ,  0.03861837,  0.11304599, ...,  0.1272001 ,\n",
       "          0.4298729 ,  1.00000048]]),\n",
       " 'Supermarket': array([[0.99999988, 0.32480338, 0.63267267, ..., 0.21498573, 0.1301775 ,\n",
       "         0.18464422],\n",
       "        [0.32480338, 1.00000083, 0.37761265, ..., 0.22474755, 0.03419457,\n",
       "         0.33486927],\n",
       "        [0.63267267, 0.37761265, 1.00000024, ..., 0.33856726, 0.15549192,\n",
       "         0.30914748],\n",
       "        ...,\n",
       "        [0.21498573, 0.22474757, 0.33856726, ..., 0.99999994, 0.22756591,\n",
       "         0.43725339],\n",
       "        [0.1301775 , 0.03419459, 0.15549198, ..., 0.22756591, 0.99999988,\n",
       "         0.20313209],\n",
       "        [0.18464421, 0.33486933, 0.30914748, ..., 0.43725339, 0.20313209,\n",
       "         0.99999964]]),\n",
       " 'Flight': array([[1.00000048, 0.40280014, 0.39902675, ..., 0.24437974, 0.35198557,\n",
       "         0.18199635],\n",
       "        [0.40280014, 1.        , 0.38311589, ..., 0.2601555 , 0.62567455,\n",
       "         0.14213906],\n",
       "        [0.39902675, 0.38311589, 1.00000012, ..., 0.30074111, 0.17899361,\n",
       "         0.1921566 ],\n",
       "        ...,\n",
       "        [0.24437976, 0.26015544, 0.30074111, ..., 1.00000024, 0.37292266,\n",
       "         0.23466794],\n",
       "        [0.35198569, 0.62567455, 0.17899361, ..., 0.37292266, 1.00000048,\n",
       "         0.24077721],\n",
       "        [0.18199632, 0.14213908, 0.19215658, ..., 0.23466794, 0.24077721,\n",
       "         1.        ]]),\n",
       " 'Cat': array([[1.00000012, 0.22848499, 0.03133006, ..., 0.1653429 , 0.28876388,\n",
       "         0.21019265],\n",
       "        [0.22848499, 1.00000036, 0.11977644, ..., 0.12119514, 0.51802301,\n",
       "         0.21076381],\n",
       "        [0.03133006, 0.11977644, 1.        , ..., 0.08448979, 0.25965446,\n",
       "         0.04007515],\n",
       "        ...,\n",
       "        [0.1653429 , 0.12119518, 0.08448981, ..., 1.00000024, 0.22836208,\n",
       "         0.29850185],\n",
       "        [0.28876394, 0.51802307, 0.25965443, ..., 0.22836208, 1.00000024,\n",
       "         0.15744875],\n",
       "        [0.21019267, 0.2107638 , 0.04007519, ..., 0.29850185, 0.15744875,\n",
       "         1.00000012]]),\n",
       " 'Fog': array([[ 9.99999523e-01,  2.38737240e-01,  2.20810354e-01,\n",
       "          7.38374949e-01,  2.14916393e-01,  3.15709680e-01,\n",
       "          5.38166404e-01,  2.10644379e-01,  1.11193545e-01,\n",
       "          1.31951824e-01,  1.89572237e-02,  2.07243621e-01,\n",
       "          2.81208426e-01,  5.36975861e-01, -1.77709423e-02,\n",
       "          7.21967816e-02,  7.61671960e-02, -2.46379878e-02,\n",
       "          8.20921957e-02,  1.81448400e-01,  1.40487567e-01,\n",
       "         -4.18255106e-04,  7.55582154e-02,  1.55964673e-01,\n",
       "          4.19477783e-02,  5.84129810e-01],\n",
       "        [ 2.38737240e-01,  1.00000000e+00,  5.05653083e-01,\n",
       "          8.80360231e-02,  1.50912210e-01,  2.83958614e-01,\n",
       "          5.80745637e-02,  3.34210336e-01,  4.25115734e-01,\n",
       "          2.11698428e-01,  3.24271955e-02, -4.85132225e-02,\n",
       "          2.24216189e-02,  1.71278238e-01, -2.38386914e-03,\n",
       "          9.74814817e-02,  4.39066477e-02,  2.21701209e-02,\n",
       "          1.89698011e-01,  1.46494001e-01,  2.23735049e-01,\n",
       "          2.46797144e-01,  4.39559370e-02,  2.71289051e-01,\n",
       "          7.96875358e-02,  2.54595518e-01],\n",
       "        [ 2.20810354e-01,  5.05653083e-01,  1.00000012e+00,\n",
       "          1.13255367e-01,  2.16959387e-01,  3.42096120e-01,\n",
       "          1.45674109e-01,  3.23991477e-01,  3.05023938e-01,\n",
       "          2.15033248e-01,  8.87158215e-02, -1.01803076e-02,\n",
       "          9.22825634e-02,  1.41089946e-01, -7.93081746e-02,\n",
       "          1.52693480e-01,  1.31296366e-01, -2.08770484e-02,\n",
       "          1.58119887e-01,  1.22590430e-01,  1.91146776e-01,\n",
       "          1.62785277e-01,  2.85690933e-01,  1.51780874e-01,\n",
       "          4.71070260e-02,  3.20024312e-01],\n",
       "        [ 7.38374949e-01,  8.80360231e-02,  1.13255367e-01,\n",
       "          9.99999881e-01,  8.02054554e-02,  1.93235248e-01,\n",
       "          4.95126367e-01,  7.88902044e-02,  3.32166329e-02,\n",
       "          2.09063757e-03, -2.47083511e-03,  3.31088126e-01,\n",
       "          2.73860574e-01,  5.47996879e-01,  8.11212361e-02,\n",
       "          1.18975878e-01,  2.19852999e-02,  1.25783563e-01,\n",
       "          5.79142980e-02,  1.14238486e-01,  3.29070464e-02,\n",
       "          2.48145387e-02,  4.83145900e-02,  1.30461335e-01,\n",
       "          8.59430060e-03,  4.73365843e-01],\n",
       "        [ 2.14916393e-01,  1.50912210e-01,  2.16959387e-01,\n",
       "          8.02054554e-02,  1.00000000e+00,  3.43011439e-01,\n",
       "          1.25401035e-01,  2.13217512e-01,  9.83785391e-02,\n",
       "          3.33370417e-01,  2.16952801e-01,  1.32140547e-01,\n",
       "         -2.02910416e-02,  1.29556730e-01,  6.92579970e-02,\n",
       "         -3.37460265e-03,  8.55827183e-02, -2.86821648e-03,\n",
       "          8.84305835e-02,  2.63122559e-01,  1.48465142e-01,\n",
       "          1.11426748e-02,  5.17911352e-02,  1.40953302e-01,\n",
       "          9.15548727e-02,  3.55141848e-01],\n",
       "        [ 3.15709680e-01,  2.83958614e-01,  3.42096120e-01,\n",
       "          1.93235248e-01,  3.43011439e-01,  9.99999940e-01,\n",
       "          2.34064698e-01,  2.62818813e-01,  1.73893169e-01,\n",
       "          4.14095998e-01,  2.00509369e-01,  2.22148597e-01,\n",
       "          8.77926424e-02,  1.61876157e-01,  7.39166588e-02,\n",
       "          3.56178395e-02,  5.24650477e-02,  7.56300334e-03,\n",
       "          1.14057481e-01,  1.19637959e-01,  7.31606930e-02,\n",
       "          1.74733430e-01,  7.99714923e-02,  1.71234980e-01,\n",
       "          9.95913520e-02,  3.55686188e-01],\n",
       "        [ 5.38166404e-01,  5.80745637e-02,  1.45674109e-01,\n",
       "          4.95126367e-01,  1.25401035e-01,  2.34064698e-01,\n",
       "          9.99999940e-01,  2.58031070e-01, -4.10428122e-02,\n",
       "          4.01033536e-02,  1.43757731e-01,  3.77904981e-01,\n",
       "          3.05370152e-01,  6.67588234e-01,  5.60035855e-02,\n",
       "          1.98138222e-01,  2.57154197e-01,  3.35993543e-02,\n",
       "          2.14628316e-02,  1.01266287e-01,  2.68674910e-01,\n",
       "         -2.85824668e-03,  1.57619804e-01,  1.08679399e-01,\n",
       "          2.37618417e-01,  5.69742978e-01],\n",
       "        [ 2.10644379e-01,  3.34210336e-01,  3.23991477e-01,\n",
       "          7.88902044e-02,  2.13217512e-01,  2.62818813e-01,\n",
       "          2.58031070e-01,  9.99999762e-01,  1.61490321e-01,\n",
       "          2.46718109e-01,  1.26714259e-01,  2.52150577e-02,\n",
       "          1.06874891e-01,  1.62881136e-01,  1.21527910e-01,\n",
       "          2.10406214e-01,  1.71729892e-01, -3.56019512e-02,\n",
       "          1.01911716e-01,  1.12188809e-01,  2.54186064e-01,\n",
       "          7.46850222e-02,  1.51146665e-01,  1.10184647e-01,\n",
       "          1.38930619e-01,  3.34320277e-01],\n",
       "        [ 1.11193545e-01,  4.25115734e-01,  3.05023938e-01,\n",
       "          3.32166329e-02,  9.83785391e-02,  1.73893169e-01,\n",
       "         -4.10428122e-02,  1.61490321e-01,  9.99999821e-01,\n",
       "          1.23717293e-01,  2.73358263e-03, -8.79274085e-02,\n",
       "         -2.88016908e-02, -2.23269165e-02, -6.07050247e-02,\n",
       "          2.09406521e-02, -3.29157114e-02, -4.22422364e-02,\n",
       "          1.51292369e-01,  5.05815335e-02,  4.61882800e-02,\n",
       "          1.28142789e-01,  1.12611324e-01,  1.54777884e-01,\n",
       "         -1.60519890e-02,  5.96747249e-02],\n",
       "        [ 1.31951824e-01,  2.11698428e-01,  2.15033248e-01,\n",
       "          2.09063757e-03,  3.33370417e-01,  4.14095998e-01,\n",
       "          4.01033536e-02,  2.46718109e-01,  1.23717293e-01,\n",
       "          9.99999821e-01,  1.26673073e-01,  7.65514672e-02,\n",
       "          1.98207229e-01,  6.74384013e-02,  2.28867620e-01,\n",
       "          1.93240166e-01,  1.89031243e-01,  8.32880437e-02,\n",
       "          2.44779229e-01,  1.76687688e-01,  2.52966195e-01,\n",
       "          2.54823029e-01,  1.54157758e-01,  2.22498029e-01,\n",
       "          4.53286499e-01,  1.99048653e-01],\n",
       "        [ 1.89572237e-02,  3.24271955e-02,  8.87158215e-02,\n",
       "         -2.47083511e-03,  2.16952801e-01,  2.00509369e-01,\n",
       "          1.43757731e-01,  1.26714259e-01,  2.73358263e-03,\n",
       "          1.26673073e-01,  1.00000012e+00,  3.52102041e-01,\n",
       "          1.82462633e-01,  3.95372733e-02,  2.56815076e-01,\n",
       "          1.36875778e-01,  9.23461094e-02,  2.44417954e-02,\n",
       "          3.49101387e-02,  1.82397127e-01,  1.44038439e-01,\n",
       "         -2.22411789e-02,  3.96813527e-02,  6.34566322e-03,\n",
       "          6.33443147e-02,  2.46741157e-02],\n",
       "        [ 2.07243621e-01, -4.85132225e-02, -1.01803076e-02,\n",
       "          3.31088126e-01,  1.32140547e-01,  2.22148597e-01,\n",
       "          3.77904981e-01,  2.52150577e-02, -8.79274085e-02,\n",
       "          7.65514672e-02,  3.52102041e-01,  1.00000036e+00,\n",
       "          3.15831840e-01,  3.73396665e-01,  3.95585537e-01,\n",
       "          1.99528664e-01,  1.57243341e-01,  2.05430090e-01,\n",
       "          9.34289321e-02,  9.05903205e-02,  2.34138072e-01,\n",
       "          3.26835625e-02, -9.77599546e-02, -4.46951203e-02,\n",
       "          1.07715890e-01,  2.70909339e-01],\n",
       "        [ 2.81208426e-01,  2.24216189e-02,  9.22825634e-02,\n",
       "          2.73860574e-01, -2.02910416e-02,  8.77926424e-02,\n",
       "          3.05370152e-01,  1.06874891e-01, -2.88016908e-02,\n",
       "          1.98207229e-01,  1.82462633e-01,  3.15831840e-01,\n",
       "          9.99999702e-01,  3.21286559e-01, -5.80935087e-03,\n",
       "          1.74882784e-01,  1.79210901e-01,  2.68900543e-02,\n",
       "          2.01796591e-01,  1.13088459e-01,  2.41221011e-01,\n",
       "          1.29323572e-01,  4.77440879e-02, -4.94751856e-02,\n",
       "          6.92066550e-02,  2.97922641e-01],\n",
       "        [ 5.36975861e-01,  1.71278238e-01,  1.41089946e-01,\n",
       "          5.47996879e-01,  1.29556730e-01,  1.61876157e-01,\n",
       "          6.67588234e-01,  1.62881136e-01, -2.23269165e-02,\n",
       "          6.74384013e-02,  3.95372733e-02,  3.73396665e-01,\n",
       "          3.21286559e-01,  9.99999642e-01,  1.59078062e-01,\n",
       "          1.11905366e-01,  2.74443150e-01,  2.57604599e-01,\n",
       "         -8.16534087e-03,  2.08689034e-01,  2.86867142e-01,\n",
       "          8.78563821e-02,  1.27746835e-01,  1.95158541e-01,\n",
       "          1.90914705e-01,  5.92932463e-01],\n",
       "        [-1.77709423e-02, -2.38386914e-03, -7.93081746e-02,\n",
       "          8.11212361e-02,  6.92579970e-02,  7.39166588e-02,\n",
       "          5.60035855e-02,  1.21527910e-01, -6.07050247e-02,\n",
       "          2.28867620e-01,  2.56815076e-01,  3.95585537e-01,\n",
       "         -5.80935087e-03,  1.59078062e-01,  1.00000024e+00,\n",
       "          9.89407599e-02,  1.17230341e-01,  2.57386029e-01,\n",
       "          1.07694663e-01,  4.59735170e-02,  2.60792553e-01,\n",
       "          6.24063462e-02,  1.30367922e-02,  8.21616650e-02,\n",
       "          2.90579736e-01, -1.65136363e-02],\n",
       "        [ 7.21967816e-02,  9.74814817e-02,  1.52693480e-01,\n",
       "          1.18975878e-01, -3.37460265e-03,  3.56178395e-02,\n",
       "          1.98138222e-01,  2.10406214e-01,  2.09406521e-02,\n",
       "          1.93240166e-01,  1.36875778e-01,  1.99528664e-01,\n",
       "          1.74882784e-01,  1.11905366e-01,  9.89407599e-02,\n",
       "          1.00000024e+00,  5.73499799e-01,  1.07837997e-01,\n",
       "          2.04742506e-01,  9.39566568e-02,  5.23750246e-01,\n",
       "          1.61024481e-01,  2.28726357e-01,  7.30383918e-02,\n",
       "          5.55574656e-01,  1.39669329e-01],\n",
       "        [ 7.61671960e-02,  4.39066477e-02,  1.31296366e-01,\n",
       "          2.19852999e-02,  8.55827183e-02,  5.24650477e-02,\n",
       "          2.57154197e-01,  1.71729892e-01, -3.29157114e-02,\n",
       "          1.89031243e-01,  9.23461094e-02,  1.57243341e-01,\n",
       "          1.79210901e-01,  2.74443150e-01,  1.17230341e-01,\n",
       "          5.73499799e-01,  1.00000036e+00,  2.42441684e-01,\n",
       "          1.40249982e-01,  2.49827832e-01,  4.82096136e-01,\n",
       "          1.77197978e-01,  1.85865074e-01,  8.98784921e-02,\n",
       "          4.23580110e-01,  2.88073421e-01],\n",
       "        [-2.46379878e-02,  2.21701209e-02, -2.08770484e-02,\n",
       "          1.25783563e-01, -2.86821648e-03,  7.56300334e-03,\n",
       "          3.35993543e-02, -3.56019512e-02, -4.22422364e-02,\n",
       "          8.32880437e-02,  2.44417954e-02,  2.05430090e-01,\n",
       "          2.68900543e-02,  2.57604599e-01,  2.57386029e-01,\n",
       "          1.07837997e-01,  2.42441684e-01,  1.00000000e+00,\n",
       "          1.48276955e-01,  5.12902856e-01,  1.28761515e-01,\n",
       "          2.15002984e-01,  1.40688092e-01,  1.83002353e-01,\n",
       "          3.38280857e-01,  1.34082541e-01],\n",
       "        [ 8.20921957e-02,  1.89698011e-01,  1.58119887e-01,\n",
       "          5.79142980e-02,  8.84305835e-02,  1.14057481e-01,\n",
       "          2.14628316e-02,  1.01911716e-01,  1.51292369e-01,\n",
       "          2.44779229e-01,  3.49101387e-02,  9.34289321e-02,\n",
       "          2.01796591e-01, -8.16534087e-03,  1.07694663e-01,\n",
       "          2.04742506e-01,  1.40249982e-01,  1.48276955e-01,\n",
       "          1.00000012e+00,  2.80039519e-01,  2.73427129e-01,\n",
       "          4.54990506e-01,  1.81708068e-01,  2.02814877e-01,\n",
       "          2.41777629e-01,  1.14637956e-01],\n",
       "        [ 1.81448400e-01,  1.46494001e-01,  1.22590430e-01,\n",
       "          1.14238486e-01,  2.63122559e-01,  1.19637959e-01,\n",
       "          1.01266287e-01,  1.12188809e-01,  5.05815335e-02,\n",
       "          1.76687688e-01,  1.82397127e-01,  9.05903205e-02,\n",
       "          1.13088459e-01,  2.08689034e-01,  4.59735170e-02,\n",
       "          9.39566568e-02,  2.49827832e-01,  5.12902856e-01,\n",
       "          2.80039519e-01,  1.00000000e+00,  2.06724405e-01,\n",
       "          1.19527638e-01,  5.32805175e-02,  1.62800655e-01,\n",
       "          1.89069510e-01,  2.26382405e-01],\n",
       "        [ 1.40487567e-01,  2.23735049e-01,  1.91146776e-01,\n",
       "          3.29070464e-02,  1.48465142e-01,  7.31606930e-02,\n",
       "          2.68674910e-01,  2.54186064e-01,  4.61882800e-02,\n",
       "          2.52966195e-01,  1.44038439e-01,  2.34138072e-01,\n",
       "          2.41221011e-01,  2.86867142e-01,  2.60792553e-01,\n",
       "          5.23750246e-01,  4.82096136e-01,  1.28761515e-01,\n",
       "          2.73427129e-01,  2.06724405e-01,  1.00000072e+00,\n",
       "          1.08668722e-01,  1.77975595e-01,  1.35602444e-01,\n",
       "          3.80070627e-01,  2.31027871e-01],\n",
       "        [-4.18255106e-04,  2.46797144e-01,  1.62785277e-01,\n",
       "          2.48145387e-02,  1.11426748e-02,  1.74733430e-01,\n",
       "         -2.85824668e-03,  7.46850222e-02,  1.28142789e-01,\n",
       "          2.54823029e-01, -2.22411789e-02,  3.26835625e-02,\n",
